1781789281820507362 BID 98 137534
1781789281820542749 ASK 102 42471442
1781789284230144787 ASK 102 1128898
1781789284230990363 BID 98 970581
1781789284231317717 ASK 103 1410840
1781789284232055931 BID 97 1420228
1781789284277097984 ASK 103 614032
1781789284277763412 ASK 104 928943
1781789284281625767 BID 97 160931
1781789284281819951 BID 101 500027
1781789284284080370 BID 101 22062199
1781789284306057480 ASK 104 241583
1781789284306165462 BID 97 995006
1781789284306340110 ASK 102 18208035
1781789284324459854 BID 97 1346831
1781789284324564165 ASK 102 2128803
1781789284325849576 BID 97 2654744
1781789284326735037 ASK 104 2987257
1781789284328539496 BID 97 5893674
1781789284334393446 ASK 104 439805
1781789284334453017 BID 96 1622473
1781789284334890828 ASK 103 13938223
1781789284348789607 BID 96 325911
1781789284348842776 ASK 103 1329754
1781789284349153169 BID 98 1971338
1781789284350211143 ASK 104 20735697
1781789284370880605 BID 98 517802
1781789284370987807 ASK 104 1329915
1781789284371434815 BID 96 2160352
1781789284372363617 ASK 105 24908918
1781789284397238371 BID 96 15321781
1781789284412420851 ASK 105 2007425
1781789284412595288 BID 95 3103751
1781789284414558951 ASK 106 2389762
1781789284416385517 BID 95 19075347
1781789284435393708 ASK 106 674154
1781789284435527970 BID 97 1651607
1781789284436118257 ASK 105 4935487
1781789284441006826 BID 97 4306186
1781789284445187407 ASK 105 2194146
1781789284446704632 BID 95 3358740
1781789284447433339 ASK 106 37590421
1781789284484976321 BID 95 1848487
1781789284485048526 ASK 106 3457808
1781789284486909978 BID 94 3258984
1781789284488558802 ASK 103 9884187
1781789284498345626 BID 94 518843
1781789284498468346 ASK 103 1584021
1781789284498925694 BID 99 3742281
1781789284500086010 ASK 104 4104310
1781789284502747013 BID 99 4017614
1781789284504306338 ASK 104 3828381
1781789284506369438 ASK 109 42344044
1781789284506890092 BID 95 41882059
1781789284548741354 ASK 109 1963152
1781789284548787781 BID 95 3155491
1781789284550728390 ASK 101 2265743
1781789284552006400 BID 94 2257611
1781789284553902123 ASK 101 1338102
1781789284555266324 ASK 98 1101396
1781789284558242794 ASK 98 4905681
1781789284563109422 BID 94 593383
1781789284563195864 ASK 101 1536732
1781789284563734234 BID 93 4000693
1781789284567587170 ASK 101 2588718
1781789284570125314 BID 93 1780402
1781789284570312044 ASK 103 2747415
1781789284571998569 BID 95 21287320
1781789284593254571 ASK 103 3608108
1781789284596779693 BID 95 1519250
1781789284596910108 ASK 105 2825149
1781789284598368283 BID 99 9727919
1781789284608034477 ASK 105 2124996
1781789284608214524 BID 99 3241808
1781789284609685744 BID 95 1898679
1781789284610180652 ASK 103 6257687
1781789284616406699 BID 95 11523499
1781789284627900462 ASK 103 1715608
1781789284627941890 BID 100 2764615
1781789284629651827 ASK 103 2280567
1781789284630730680 BID 100 40114488
1781789284670805624 ASK 103 1307352
1781789284670858383 BID 97 2186310
1781789284672132041 ASK 104 11977705
1781789284684034676 BID 97 23317423
1781789284707274413 ASK 104 1322160
1781789284707365645 BID 92 2371459
1781789284708647068 ASK 96 42047453
1781789284750724437 ASK 96 1533777
1781789284751744591 ASK 104 1523958
1781789284757982813 ASK 104 1363307
1781789284759380374 ASK 105 1682205
1781789284764035623 ASK 105 1389827
1781789284765450677 ASK 97 963141
1781789284769778449 ASK 97 1524419
1781789284771368471 ASK 98 926858
1781789284788948409 ASK 98 1281102
1781789284790254127 ASK 99 1744742
1781789284790917050 BID 92 1959144
1781789284792931648 BID 93 872878
1781789284801801836 BID 93 1312702
1781789284803199357 BID 92 1894929
1781789284804756953 ASK 99 1364524
1781789284806210203 ASK 100 1888011
1781789284808164048 ASK 100 1122240
1781789284809397196 ASK 101 958638
1781789284810423882 ASK 101 984456
1781789284811440909 ASK 102 918923
1781789284812437218 ASK 102 1834561
1781789284814354784 ASK 103 1735245
1781789284840333434 ASK 103 1443332
1781789284841995636 ASK 103 895770
1781789284846749322 ASK 103 1143139
1781789284847949979 ASK 104 2087025
1781789284850075957 ASK 104 1964404
1781789284852070217 ASK 105 1219948
1781789284852799776 BID 92 1302704
1781789284853350689 ASK 105 1828900
1781789284854173252 BID 101 1985043
1781789284855204255 ASK 106 1936322
1781789284858667261 ASK 106 334358
1781789284859059045 ASK 107 855004
1781789284865171990 BID 101 354835
1781789284865591607 BID 100 881062
1781789284866495522 BID 100 917191
1781789284867488595 BID 99 913133
1781789284868587276 BID 99 1549418
1781789284870294520 BID 98 1618506
1781789284872082343 BID 98 1437056
1781789284873742407 BID 97 1738297
1781789284875580782 BID 97 1494533
1781789284876753582 BID 94 2841690
1781789284879386180 ASK 107 6208829
1781789284885426854 BID 94 1357787
1781789284885612132 ASK 99 42097667
1781789284886455002 BID 92 41303848
1781789284927734284 ASK 99 1016206
1781789284927768438 BID 92 1150959
1781789284928509538 ASK 105 1222543
1781789284928946488 BID 91 15394443
1781789284944262695 ASK 105 8031492
1781789284952258621 BID 91 1610932
1781789284952311199 ASK 98 2756361
1781789284953892326 BID 90 24152048
1781789284978002555 ASK 98 2382589
1781789284979169074 BID 90 41543923
1781789284980280999 ASK 103 40617376
1781789285020840135 BID 96 2258567
1781789285020914645 ASK 103 3383689
1781789285024451431 ASK 99 2326203
1781789285026341055 BID 96 1520840
1781789285027885329 BID 95 1174072
1781789285032276325 ASK 99 1541992
1781789285033399582 BID 95 1504031
1781789285033848554 ASK 100 2213952
1781789285034932086 BID 94 3821502
1781789285036086531 ASK 100 4659794
1781789285040616021 BID 94 1550478
1781789285040763327 ASK 104 2531949
1781789285042192678 BID 93 4181172
1781789285046300653 ASK 104 43424202
1781789285046389900 BID 93 43401731
1781789285089755022 ASK 106 1716309
1781789285089804966 BID 103 2568657
1781789285092396607 BID 103 1824934
1781789285094300309 BID 102 1046903
1781789285095412515 BID 102 905518
1781789285095953880 ASK 106 1582133
1781789285096396671 BID 101 2076439
1781789285097605714 ASK 107 1897133
1781789285098543562 BID 101 2692345
1781789285101307562 BID 100 1737839
1781789285102732023 ASK 107 2230243
1781789285103139678 BID 100 2765607
1781789285104618562 BID 90 2203152
1781789285104984147 ASK 106 2720623
1781789285106849736 BID 90 20585025
1781789285127276845 ASK 106 545423
1781789285127533716 BID 103 1551731
1781789285127853576 ASK 107 20447511
1781789285148177495 BID 103 2205787
1781789285149151071 ASK 107 1311930
1781789285150258237 BID 92 392827
1781789285150478000 ASK 108 40493959
1781789285191091813 ASK 108 1376883
1781789285192078945 BID 92 1649042
1781789285192552593 ASK 107 2360046
1781789285193790234 BID 103 2117334
1781789285200372875 ASK 107 1426315
1781789285201881324 ASK 108 1655355
1781789285202566720 BID 103 1741376
1781789285204152584 ASK 108 514224
1781789285204397824 BID 102 823564
1781789285204836086 ASK 109 827051
1781789285205303202 BID 102 984216
1781789285206375193 BID 101 271278
1781789285206665587 BID 101 830668
1781789285207513187 BID 99 823835
1781789285209162320 ASK 109 152817
1781789285209428710 ASK 110 408265
1781789285211546271 BID 99 29238004
1781789285240616099 ASK 110 1845461
1781789285242128916 BID 97 1630894
1781789285242624485 ASK 109 6599429
1781789285249192074 BID 97 42583998
1781789285249258228 ASK 109 42630896
1781789285291789978 BID 94 1527438
1781789285292041289 ASK 105 2190452
1781789285310894089 BID 94 1239204
1781789285312251194 BID 93 917702
1781789285313242204 BID 93 1928637
1781789285315194095 BID 92 934653
1781789285316190644 BID 92 1825594
1781789285318072243 BID 91 1699648
1781789285320345106 BID 91 1364990
1781789285321821485 BID 100 1591425
1781789285329345506 ASK 105 420899
1781789285329843119 ASK 104 835538
1781789285334167500 ASK 104 1348589
1781789285335561134 ASK 105 1800732
1781789285338704254 BID 100 1298265
1781789285340046862 BID 100 1956269
1781789285345541292 ASK 105 498876
1781789285346068241 ASK 106 1855089
1781789285349665688 BID 100 1416396
1781789285350763848 ASK 106 1291707
1781789285351163086 BID 99 1912898
1781789285352151876 ASK 107 1903515
1781789285353765387 BID 93 1272001
1781789285354079526 ASK 107 2018331
1781789285355705912 BID 93 1428328
1781789285356152579 ASK 106 1915292
1781789285357357209 BID 92 1607294
1781789285358157289 ASK 106 1732956
1781789285359032451 BID 92 1757712
1781789285359978781 ASK 99 1705058
1781789285360820550 BID 91 1833133
1781789285379004119 ASK 99 320541
1781789285379356039 ASK 100 1019167
1781789285380423146 ASK 100 1953103
1781789285382447633 ASK 101 794650
1781789285383310130 ASK 101 946325
1781789285384321116 ASK 102 2052583
1781789285386460081 ASK 102 4656834
1781789285389516403 BID 91 42170931
1781789285390887836 ASK 108 41026414
1781789285431744932 BID 91 1028059
1781789285431939337 ASK 108 1827898
1781789285432842080 BID 91 1934268
1781789285433829372 ASK 109 2708460
1781789285434840539 BID 95 2660731
1781789285444937880 BID 95 1262367
1781789285446256743 BID 95 1725767
1781789285448626959 ASK 109 1290600
1781789285449982872 ASK 109 2014610
1781789285454150779 BID 95 269445
1781789285454617321 BID 101 1686954
1781789285458886398 BID 101 34834607
1781789285493501975 ASK 109 1287524
1781789285493869825 BID 94 1900645
1781789285494887102 ASK 109 1853587
1781789285495804032 BID 94 12298910
1781789285507964833 ASK 109 1221310
1781789285508265968 BID 94 1816607
1781789285509334131 ASK 109 14771250
1781789285524070545 BID 94 23689365
1781789285547436594 ASK 109 633869
1781789285547861120 BID 99 848802
1781789285548087054 ASK 103 5384559
1781789285553441256 BID 99 4272751
1781789285557386373 ASK 103 1358338
1781789285557795811 BID 92 1854718
1781789285558763907 ASK 101 2104837
1781789285559674695 BID 92 8362454
1781789285567990191 ASK 101 1466961
1781789285568339086 BID 93 1942982
1781789285569781701 ASK 102 40988855
1781789285610811813 ASK 102 189596
1781789285611607475 ASK 99 669185
1781789285617325320 BID 93 2272592
1781789285619740469 BID 92 1548990
1781789285625782532 ASK 99 20652254
1781789285646258074 BID 92 1520753
1781789285646462648 ASK 100 2399811
1781789285647916725 BID 93 8092263
1781789285655187958 ASK 100 915557
1781789285656026140 BID 93 1552261
1781789285657148575 ASK 104 2611266
1781789285657609360 BID 100 3659711
1781789285659950859 ASK 104 2461166
1781789285661295321 BID 100 2346040
1781789285662648438 ASK 105 2285607
1781789285663673872 BID 99 2493879
1781789285665897404 ASK 105 1610130
1781789285666197467 BID 99 2603461
1781789285667568318 ASK 104 2658494
1781789285669117151 BID 98 2608432
1781789285670436926 ASK 104 2861628
1781789285671822755 BID 98 3974816
1781789285673551989 ASK 104 42127906
1781789285675572909 BID 91 40211231
1781789285715732042 ASK 104 246232
1781789285715836518 BID 91 209483
1781789285716506325 BID 101 398357
1781789285716599069 ASK 109 1464366
1781789285729344823 ASK 109 1416147
1781789285730898127 ASK 108 1106736
1781789285733699126 ASK 108 741616
1781789285734669841 ASK 109 764835
1781789285735574678 ASK 109 320752
1781789285735906911 ASK 110 848051
1781789285737222299 BID 101 166872
1781789285737417144 BID 107 408105
1781789285739141388 ASK 110 224631
1781789285739398710 ASK 111 874561
1781789285742428864 BID 107 15602202
1781789285757991372 ASK 111 2171172
1781789285758048770 BID 101 3283478
1781789285760194544 ASK 112 9754911
1781789285769876618 BID 101 1477401
1781789285769968480 ASK 112 2276049
1781789285771382062 BID 101 1873346
1781789285772272742 ASK 113 8387291
1781789285780604769 BID 101 4522993
1781789285785097506 ASK 113 1146545
1781789285785139084 BID 100 1940575
1781789285786299546 ASK 111 1655484
1781789285787141525 BID 100 1916214
1781789285788856251 ASK 111 1272897
1781789285789137829 BID 99 2123944
1781789285790224728 ASK 108 4780081
1781789285794940848 BID 99 28140709
1781789285822979416 ASK 108 1208256
1781789285823124498 BID 92 2012084
1781789285824303189 ASK 107 1767334
1781789285825871811 BID 92 22366294
1781789285848111578 ASK 107 1276644
1781789285848492914 BID 91 1829942
1781789285849427707 ASK 101 12991925
1781789285862309084 BID 91 6020595
1781789285868043402 ASK 101 1343177
1781789285868367860 BID 90 1827405
1781789285869564993 ASK 100 4708020
1781789285874215415 BID 90 3629147
1781789285877624048 ASK 100 506560
1781789285877913171 BID 95 1060245
1781789285878346043 ASK 101 15134197
1781789285893447849 BID 95 475662
1781789285893628719 ASK 101 1464958
1781789285893987541 BID 94 3332821
1781789285895163958 ASK 102 3262278
1781789285897435939 BID 94 3495386
1781789285900895778 ASK 102 401774
1781789285900947435 BID 90 1504161
1781789285901559593 ASK 103 5386904
1781789285906022834 BID 90 1682145
1781789285906977635 ASK 103 1108649
1781789285907723013 BID 90 835848
1781789285908379675 ASK 103 1908830
1781789285910251004 BID 90 3007631
1781789285912977959 ASK 103 675627
1781789285913567415 BID 98 1299667
1781789285913813406 ASK 107 2377539
1781789285915138632 BID 98 9373637
1781789285924369570 ASK 107 1575976
1781789285924963564 BID 90 2087205
1781789285926075590 ASK 108 2412916
1781789285927155926 BID 90 2550067
1781789285928518682 ASK 108 2070418
1781789285929950282 BID 89 1612134
1781789285930979041 ASK 106 1571808
1781789285931803888 BID 89 4928920
1781789285936696510 ASK 106 1054438
1781789285936943844 BID 100 1541441
1781789285937775975 ASK 107 5317044
1781789285943048295 BID 100 1626037
1781789285943107957 ASK 107 2717878
1781789285944851545 BID 97 2059525
1781789285945869357 ASK 108 2312057
1781789285947866212 BID 97 16992087
1781789285964661981 ASK 108 457098
1781789285964875250 BID 100 1324294
1781789285965261094 ASK 103 6482934
1781789285971554673 BID 100 8982826
1781789285980498095 ASK 103 2402636
1781789285980564079 BID 97 2683212
1781789285983055912 ASK 108 16271491
1781789285999159157 BID 97 1274520
1781789285999412923 ASK 108 1737128
1781789286000532142 BID 96 1414673
1781789286001246793 ASK 101 1215340
1781789286002031955 BID 96 44180138
1781789286003024928 ASK 101 43276131
1781789286046249583 BID 94 106099
1781789286047040326 ASK 112 404734
1781789286052404502 BID 94 1321949
1781789286053794569 BID 102 1653070
1781789286056191515 BID 102 346650
1781789286056603207 BID 101 1309020
1781789286057994311 BID 101 1324234
1781789286059343451 BID 100 1903611
1781789286061268943 BID 100 1006327
1781789286062300968 BID 99 908704
1781789286063274163 BID 99 1262338
1781789286064556479 BID 98 730114
1781789286065318763 BID 98 488717
1781789286065839901 BID 103 369974
1781789286073490949 BID 103 2769787
1781789286076166810 ASK 112 1583770
1781789286076364220 BID 104 2360036
1781789286077789763 ASK 111 2293382
1781789286078899565 BID 104 15767057
1781789286094608944 ASK 111 262582
1781789286094680859 BID 94 1135389
1781789286094897896 ASK 112 9107131
1781789286103931740 BID 94 1382599
1781789286104064218 ASK 112 2083403
1781789286105386633 BID 105 1679981
1781789286106261414 ASK 111 42660222
1781789286148795019 BID 105 2174929
1781789286148964066 ASK 111 3206223
1781789286149512314 BID 91 3602527
1781789286152257152 ASK 106 6326967
1781789286158452873 BID 91 4905040
1781789286163320071 ASK 106 1500104
1781789286163375234 BID 91 2470479
1781789286164846725 ASK 107 16439373
1781789286181196830 BID 91 1636169
1781789286181346631 ASK 107 2787593
1781789286182857725 BID 90 2407270
1781789286184160814 ASK 96 14324396
1781789286198447720 BID 90 1436524
1781789286198501491 ASK 96 2568527
1781789286199920963 BID 89 2464072
1781789286201097280 ASK 97 10792906
1781789286211742388 BID 89 815239
1781789286211990173 ASK 97 1282305
1781789286212648928 BID 95 1427577
1781789286213201424 ASK 107 5511374
1781789286218673725 BID 95 20731994
1781789286239370613 ASK 107 2521785
1781789286239451655 BID 90 3905195
1781789286241920822 ASK 102 2860860
1781789286243380264 BID 90 12929991
1781789286256262465 ASK 102 1747893
1781789286256380236 BID 95 2697379
1781789286258039453 ASK 106 3387037
1781789286261394961 BID 95 7723867
1781789286268992732 ASK 106 1899713
1781789286269210690 BID 93 3124090
1781789286270967616 ASK 102 43776448
1781789286273566901 BID 93 41249809
1781789286314779501 ASK 102 132328
1781789286314834253 BID 94 101711
1781789286315974524 ASK 97 506405
1781789286324788786 ASK 97 348734
1781789286325191862 ASK 98 1025623
1781789286326293147 ASK 98 1156599
1781789286327477318 ASK 99 1435671
1781789286328985324 ASK 99 2120855
1781789286331185268 ASK 100 1920326
1781789286333239054 ASK 100 2041074
1781789286335369275 ASK 101 969090
1781789286336361830 ASK 101 2020828
1781789286338441006 ASK 102 2038208
1781789286340582898 ASK 102 1950478
1781789286342634466 ASK 103 2103996
1781789286344826337 ASK 103 2868240
1781789286347168285 BID 94 1600186
1781789286347726296 ASK 104 2089429
1781789286348835867 BID 93 2058171
1781789286350930426 BID 93 2121539
1781789286352770577 ASK 104 1283703
1781789286353076040 BID 92 1962160
1781789286354081581 ASK 105 1993560
1781789286355078766 BID 92 2221813
1781789286357322801 BID 100 1534512
1781789286360950755 ASK 105 542378
1781789286361522307 ASK 104 1381681
1781789286364684508 ASK 104 2024962
1781789286366734728 ASK 105 2439075
1781789286367532594 BID 100 2862539
1781789286370420621 BID 99 2199986
1781789286372642137 BID 99 2522562
1781789286374990532 BID 96 450085
1781789286375079199 ASK 105 15374585
1781789286390349830 BID 96 751690
1781789286390532873 ASK 102 1774969
1781789286391175298 BID 95 5510304
1781789286396595373 ASK 102 1979984
1781789286396769309 BID 95 3078214
1781789286398598160 ASK 103 2587413
1781789286399949925 BID 94 2416783
1781789286401242319 ASK 103 2189416
1781789286402394670 BID 94 1910814
1781789286403474265 ASK 104 2029197
1781789286404351330 BID 93 2470504
1781789286405604531 ASK 104 2420329
1781789286406868612 BID 93 43901800
1781789286408071889 ASK 105 42907997
1781789286451402838 BID 88 1082987
1781789286455393030 ASK 105 100990
1781789286455838706 ASK 106 724900
1781789286456853209 ASK 106 859782
1781789286457916794 ASK 107 363632
1781789286462052621 BID 88 1086427
1781789286463162002 BID 93 870974
1781789286465598121 ASK 107 1176337
1781789286466828017 ASK 108 1635169
1781789286473749932 ASK 108 457398
1781789286474349434 ASK 102 2182786
1781789286485190570 ASK 102 508954
1781789286485725703 ASK 103 1305679
1781789286487057561 ASK 103 1288888
1781789286488414727 ASK 104 2335501
1781789286490830318 ASK 104 1506625
1781789286491786982 BID 93 1676034
1781789286492385023 ASK 105 2796085
1781789286493559807 BID 92 3082811
1781789286495238736 ASK 105 2803829
1781789286496789955 BID 92 2559090
1781789286498145017 ASK 106 2370626
1781789286499383469 BID 99 2339247
1781789286500540579 ASK 106 2389512
1781789286502958935 ASK 107 1338230
1781789286504342410 ASK 107 1329494
1781789286505701389 ASK 108 2456467
1781789286508235773 ASK 108 1634736
1781789286509963944 ASK 109 1191415
1781789286510670700 BID 99 3065028
1781789286511194442 ASK 109 3850862
1781789286513867705 BID 98 2438233
1781789286515095789 ASK 108 2441008
1781789286518321659 ASK 108 540594
1781789286518918379 ASK 109 1134868
1781789286520106547 ASK 109 1330305
1781789286521490352 ASK 110 1307562
1781789286525170154 BID 98 3252090
1781789286528391476 ASK 110 2256061
1781789286528482176 BID 93 3484044
1781789286530733248 ASK 108 2676710
1781789286532045369 BID 93 2688472
1781789286533536015 ASK 108 2493737
1781789286534808041 BID 93 2302628
1781789286536100665 ASK 109 4813778
1781789286540879859 BID 93 30787735
1781789286571563117 ASK 109 1874776
1781789286571712678 BID 105 3141191
1781789286573522592 ASK 110 2690186
1781789286574920043 BID 105 29587012
1781789286604398181 ASK 110 1901407
1781789286604531872 BID 92 3365172
1781789286606398944 ASK 98 25440345
1781789286631806628 BID 92 42854826
1781789286631853796 ASK 98 42874313
1781789286633328723 BID 90 41534870
1781789286674750160 ASK 105 2057751
1781789286674954153 BID 90 5491896
1781789286677709661 ASK 105 3159582
1781789286680409651 ASK 111 41327657
1781789286680464484 BID 98 41460997
1781789286721838528 ASK 111 1418130
1781789286722043122 BID 98 2625304
1781789286722838994 BID 93 3180626
1781789286723361304 ASK 99 3903121
1781789286726077108 BID 93 2515899
1781789286728053665 ASK 99 1940669
1781789286728644624 BID 92 2587763
1781789286730032676 ASK 100 2686269
1781789286731311445 BID 92 2883067
1781789286732759241 ASK 100 2712237
1781789286734236401 BID 91 3235198
1781789286735522513 ASK 101 11203012
1781789286746584300 BID 91 765666
1781789286746761653 ASK 101 1833408
1781789286747377077 BID 100 2662774
1781789286748127855 ASK 103 6163340
1781789286754260518 BID 100 3243452
1781789286757449799 ASK 103 1469877
1781789286758798839 BID 91 1610070
1781789286759035253 ASK 104 9405461
1781789286768407832 BID 91 8763071
1781789286777140065 ASK 104 533531
1781789286777183557 BID 100 1786465
1781789286777702029 ASK 105 3656498
1781789286780932688 BID 100 2626370
1781789286783488747 ASK 105 1880217
1781789286783732023 BID 97 2937988
1781789286785449754 ASK 106 9430043
1781789286794832328 BID 97 1885932
1781789286794947564 ASK 106 43185602
1781789286796214350 BID 91 42750306
1781789286838231761 ASK 104 2386145
1781789286839019328 BID 91 2928392
1781789286842040354 BID 99 1498270
1781789286842980237 ASK 104 1734583
1781789286844281197 BID 99 1676975
1781789286844860213 ASK 105 2384743
1781789286846113654 BID 98 2284584
1781789286847356315 ASK 105 2487305
1781789286848586091 BID 98 2512482
1781789286849998590 ASK 105 2325171
1781789286851224139 BID 97 2302959
1781789286853697839 BID 97 2178065
1781789286855962085 BID 96 1237541
1781789286856662699 ASK 105 1589000
1781789286858381483 ASK 102 1037936
1781789286862740268 ASK 102 412464
1781789286863272266 ASK 103 1222954
1781789286870025753 BID 96 1494480
1781789286871692927 BID 95 1082570
1781789286872876697 BID 95 1248854
1781789286874246839 BID 94 2095240
1781789286876430164 BID 94 1081258
1781789286877645934 BID 93 2566544
1781789286880234519 BID 93 2717958
1781789286881218595 ASK 103 2977114
1781789286882662914 BID 89 2873019
1781789286884259538 ASK 96 2429337
1781789286885711292 BID 89 4926810
1781789286890602956 ASK 96 1980595
1781789286890656286 BID 88 3250918
1781789286892732320 ASK 93 3014454
1781789286895190491 BID 88 42538043
1781789286896545823 ASK 93 41246460
1781789286937755835 BID 93 2388260
1781789286938347194 ASK 101 2953560
1781789286941432019 ASK 101 1227172
1781789286942762084 ASK 102 1098129
1781789286943891011 ASK 102 1147112
1781789286945113143 ASK 103 2455275
1781789286947759998 ASK 103 2055245
1781789286949983058 ASK 104 2122330
1781789286952217548 ASK 104 2175711
1781789286954524806 ASK 99 2267262
1781789286955243373 BID 93 2712829
1781789286956930558 ASK 99 2166813
1781789286958069955 BID 91 2407706
1781789286959285174 ASK 100 13395935
1781789286972451759 BID 91 1826505
1781789286972906332 ASK 100 4200808
1781789286974301388 BID 93 43407724
1781789286976751153 ASK 107 41053939
1781789287017768704 BID 93 96701
1781789287017818067 ASK 107 1210489
1781789287018615361 BID 91 2873320
1781789287019124266 ASK 96 3512639
1781789287041514220 ASK 96 6511753
1781789287047994154 BID 91 1698114
1781789287048045881 ASK 104 2878548
1781789287049745288 BID 97 13489470
1781789287063197769 ASK 104 1773997
1781789287063253574 BID 97 2921821
1781789287065016370 ASK 105 2397877
1781789287066199759 BID 95 2491683
1781789287068300359 ASK 105 4823216
1781789287073017296 BID 95 1741376
1781789287073149303 ASK 108 2760929
1781789287074835957 BID 94 2287921
1781789287076638388 ASK 108 1697784
1781789287077156700 BID 94 2393757
1781789287078357893 ASK 96 2333424
1781789287079617784 BID 93 5116848
1781789287084699897 ASK 96 459903
1781789287084746455 BID 93 1808953
1781789287085186280 ASK 97 2671571
1781789287086625008 BID 92 2500059
1781789287087924716 ASK 97 14595294
1781789287102488401 BID 92 1673248
1781789287102534187 ASK 105 2988826
1781789287104188269 BID 97 6635706
1781789287110751489 ASK 105 1614388
1781789287112334889 ASK 108 8149505
1781789287120398623 BID 97 9770805
1781789287130135645 ASK 108 549370
1781789287130190338 BID 97 1696061
1781789287130750238 ASK 109 16297537
1781789287146940484 BID 97 1798563
1781789287147109351 ASK 109 3117687
1781789287148865043 BID 103 2825580
1781789287150273104 ASK 106 4816413
1781789287155018384 BID 103 513463
1781789287155102983 ASK 106 1743550
1781789287155609283 BID 100 2413987
1781789287156872632 ASK 107 2384372
1781789287158050501 BID 100 3914102
1781789287159280438 ASK 107 4002016
1781789287161397779 ASK 110 42329382
1781789287162002353 BID 99 41830406
1781789287203790319 ASK 110 1698896
1781789287203882522 BID 99 3036044
1781789287205075881 BID 93 3054519
1781789287205511617 ASK 107 3861142
1781789287208184671 BID 93 3524150
1781789287211638960 ASK 107 41167333
1781789287211721434 BID 93 41139610
1781789287252929553 BID 93 315772
1781789287254332204 BID 91 1516243
1781789287254363893 ASK 102 2586060
1781789287261279434 ASK 102 767970
1781789287262113207 ASK 103 1257599
1781789287263393729 ASK 103 2482667
1781789287265902645 ASK 102 1275562
1781789287269183749 ASK 102 443943
1781789287269743478 ASK 99 1309676
1781789287284258462 ASK 99 9329754
1781789287293398300 BID 91 1518432
1781789287294515656 ASK 106 1560451
1781789287294945566 BID 100 17264351
1781789287312123926 ASK 106 1779447
1781789287312273126 BID 100 2974496
1781789287313963115 ASK 104 2638849
1781789287315328594 BID 99 10501198
1781789287325693867 ASK 104 1885666
1781789287325859708 BID 99 2959020
1781789287327070078 BID 94 2927771
1781789287327681334 ASK 99 9886243
1781789287337533864 BID 94 514885
1781789287337579129 ASK 99 1773777
1781789287338112508 BID 93 2601420
1781789287339442603 ASK 100 3583721
1781789287340770313 BID 93 3637703
1781789287343110252 ASK 100 2445126
1781789287344428605 BID 92 2379282
1781789287345577570 ASK 98 6561937
1781789287352090886 BID 92 2005942
1781789287352262688 ASK 98 2983767
1781789287353631035 ASK 104 2962496
1781789287354130381 BID 95 5403184
1781789287359439148 ASK 104 1745765
1781789287360773181 BID 95 1496717
1781789287361210791 ASK 105 2154801
1781789287362324941 BID 94 4151226
1781789287366367704 ASK 105 9620855
1781789287375936660 BID 94 1510152
1781789287376059481 ASK 107 2627779
1781789287377530840 BID 93 3305320
1781789287380760097 ASK 107 1692795
1781789287380897786 BID 93 2685858
1781789287382474673 ASK 107 2352692
1781789287383612307 BID 92 25371686
1781789287408953185 ASK 107 672481
1781789287409190941 BID 92 1882160
1781789287409654962 ASK 104 4189849
1781789287411098269 BID 93 4153149
1781789287414849614 ASK 104 12408884
1781789287426989573 BID 93 1687084
1781789287427461558 ASK 102 2423656
1781789287428768500 BID 93 7113141
1781789287435838160 ASK 102 7846231
1781789287443622585 BID 93 1787642
1781789287443774490 ASK 102 2850130
1781789287445462566 BID 92 6352654
1781789287451774875 ASK 102 1582868
1781789287451830369 BID 92 2582745
1781789287453396376 ASK 103 2208126
1781789287454479288 BID 95 9610665
1781789287464014251 ASK 103 652919
1781789287464155627 BID 95 1771747
1781789287464701094 ASK 104 3845512
1781789287466073819 BID 94 4975922
1781789287470928914 ASK 104 40769777
1781789287471129821 BID 94 40662125
1781789287511758574 ASK 103 2216484
1781789287511804229 BID 99 3270714
1781789287522712888 BID 99 513920
1781789287523293093 BID 98 1412649
1781789287524731170 BID 98 2967059
1781789287527779882 BID 97 2188225
1781789287529995999 BID 97 1481218
1781789287530935350 ASK 103 1964513
1781789287531505159 BID 96 2963358
1781789287532931322 ASK 99 3096520
1781789287534494326 BID 96 2850886
1781789287537393964 BID 95 1730095
1781789287539154797 BID 95 1477210
1781789287540027303 ASK 99 2070644
1781789287540679817 BID 94 2740560
1781789287542129846 ASK 100 2470871
1781789287543479348 BID 94 2441770
1781789287544625543 ASK 100 2466641
1781789287545949360 BID 93 2490481
1781789287547137719 ASK 101 2418123
1781789287548466511 BID 93 2480322
1781789287550976258 BID 92 2041519
1781789287553825733 BID 92 1930661
1781789287555786681 BID 91 3031065
1781789287559774581 BID 91 1751634
1781789287559858979 ASK 101 3061461
1781789287561553306 BID 94 2812155
1781789287562956408 ASK 102 2616578
1781789287585919366 BID 94 35263399
1781789287621004090 ASK 102 1856753
1781789287621318720 BID 93 2886434
1781789287622953276 ASK 103 16039413
1781789287638819624 BID 93 1692544
1781789287639118956 ASK 103 2599737
1781789287640629979 BID 92 2307859
1781789287641742356 ASK 103 2470945
1781789287643879555 BID 92 5640428
1781789287649477624 ASK 103 416721
1781789287649532958 BID 91 1677436
1781789287650020672 ASK 97 41739305
1781789287691789934 ASK 97 2187522
1781789287692444231 ASK 104 2572685
1781789287693456800 BID 91 3766564
1781789287697190332 ASK 104 1790748
1781789287697235257 BID 93 3036265
1781789287699156740 ASK 105 2418756
1781789287700372771 BID 93 12414685
1781789287712581420 ASK 105 1561789
1781789287712813104 BID 91 2619172
1781789287714166562 ASK 106 2393259
1781789287715552842 BID 91 2329119
1781789287716778932 ASK 106 2282621
1781789287717974815 BID 100 2488928
1781789287719086339 ASK 107 41719868
1781789287760776702 BID 100 2224362
1781789287760847996 ASK 107 2214293
1781789287761539789 BID 92 2807309
1781789287763122662 ASK 108 9383505
1781789287772427129 BID 92 633368
1781789287772519613 ASK 108 3017123
1781789287773124186 BID 91 3711676
1781789287775595086 ASK 108 2610416
1781789287776857593 BID 91 29902900
1781789287806702183 ASK 108 2048077
1781789287806774158 BID 103 3456638
1781789287808881756 ASK 109 4079942
1781789287810267525 BID 103 3608378
1781789287812694517 BID 93 42128946
1781789287813103384 ASK 109 41767659
1781789287854889808 ASK 97 1138225
1781789287860428176 ASK 97 453701
1781789287860959753 ASK 98 890921
1781789287861980166 ASK 98 993223
1781789287863084187 ASK 99 1834371
1781789287864977719 ASK 99 1660694
1781789287866740605 ASK 98 692078
1781789287867289024 BID 93 1039029
1781789287868398755 BID 92 348794
1781789287871417226 BID 92 243587
1781789287871830156 BID 93 397305
1781789287878262471 ASK 98 419848
1781789287878763661 ASK 99 1605842
1781789287882404994 ASK 99 1414744
1781789287883852399 ASK 100 1018360
1781789287892618009 BID 93 1923829
1781789287894567065 BID 92 1416537
1781789287900955507 BID 92 142717
1781789287901217458 BID 93 900980
1781789287903639561 BID 93 351800
1781789287904146351 BID 92 588163
1781789287910967826 BID 92 485711
1781789287911476470 BID 91 1102217
1781789287921759757 ASK 100 448752
1781789287922242802 ASK 100 540194
1781789287924536915 ASK 100 741621
1781789287925150025 BID 91 945865
1781789287925310015 ASK 101 963418
1781789287926218500 BID 90 586049
1781789287926819106 BID 90 384922
1781789287927319945 BID 89 361989
1781789287927693085 BID 89 255429
1781789287928330531 BID 88 723306
1781789287928778972 ASK 101 3411137
1781789287932125889 BID 88 306585
1781789287932212592 ASK 106 501851
1781789287932490252 BID 98 6737485
1781789287939107401 ASK 106 1345303
1781789287940134317 BID 98 1061120
1781789287940493641 ASK 107 1791109
1781789287941242836 BID 97 11119327
1781789287952273076 ASK 107 4197322
1781789287956314737 BID 97 1432657
1781789287956498491 ASK 106 2134834
1781789287957783471 BID 101 2539112
1781789287960183543 ASK 106 2941097
1781789287962981731 BID 101 1798303
1781789287963172849 ASK 107 2682001
1781789287964859232 BID 103 29425209
1781789287994253032 ASK 107 1475567
1781789287994298347 BID 103 2206358
1781789287995582015 BID 96 1837837
1781789287995761261 ASK 108 7666038
1781789288003346979 BID 96 1305769
1781789288003451745 ASK 108 1980615
1781789288004687953 BID 96 1751173
1781789288005546874 ASK 102 8909110
1781789288014423082 BID 96 3077562
1781789288017452073 ASK 102 41561953
1781789288017558012 BID 94 41528750
1781789288059051266 ASK 102 103624
1781789288059100057 BID 94 1121153
1781789288060311189 BID 95 918773
1781789288064558505 BID 95 1314445
1781789288065459956 ASK 102 1326808
1781789288065994899 BID 94 1753278
1781789288067037084 ASK 103 1376622
1781789288068450986 ASK 103 588765
1781789288069264321 ASK 104 588774
1781789288069885967 ASK 104 902833
1781789288071000507 ASK 105 223780
1781789288071256658 ASK 105 805692
1781789288072095801 ASK 106 693310
1781789288072858452 ASK 106 764994
1781789288073692616 ASK 107 562135
1781789288075491490 BID 94 1201434
1781789288076921863 BID 94 587752
1781789288079853121 ASK 107 1269340
1781789288081342063 ASK 101 284915
1781789288091938077 ASK 101 1427868
1781789288093388387 ASK 102 884198
1781789288093924442 BID 94 1232682
1781789288095183253 BID 96 1693857
1781789288111054210 ASK 102 1404074
1781789288112535468 ASK 102 1847295
1781789288114197045 BID 96 1295449
1781789288115614353 BID 98 924664
1781789288116578431 BID 98 1721569
1781789288118321921 BID 97 1053245
1781789288119500482 BID 97 2041289
1781789288121171966 BID 91 465303
1781789288121309114 ASK 102 11605588
1781789288132884474 BID 91 1308594
1781789288133006613 ASK 103 2100850
1781789288134289068 BID 90 9776447
1781789288144000343 ASK 103 1317551
1781789288144132470 BID 90 2285026
1781789288145416469 ASK 104 1999009
1781789288146439838 BID 93 1974793
1781789288147463397 ASK 104 1797091
1781789288148470015 BID 93 1454528
1781789288149298339 ASK 104 1280712
1781789288150008781 BID 99 7861455
1781789288157839399 ASK 104 40873672
1781789288157997834 BID 99 40902678
1781789288198795374 ASK 109 758543
1781789288198952028 BID 90 1703435
1781789288199640800 ASK 109 2510118
1781789288202226039 ASK 95 1872772
1781789288205869893 BID 90 332233
1781789288206102739 ASK 95 1131252
1781789288206212786 BID 95 2175370
1781789288207048353 ASK 109 15780838
1781789288222731798 BID 95 13934270
1781789288236545352 ASK 109 1539361
1781789288236686276 BID 93 2773126
1781789288238108869 ASK 99 2359045
1781789288239486603 BID 93 3168984
1781789288242489114 ASK 99 960442
1781789288242766134 BID 90 1634706
1781789288243474122 ASK 96 2283813
1781789288245484032 BID 90 1772028
1781789288247037425 ASK 96 1279444
1781789288247278141 BID 88 2012310
1781789288248342227 ASK 92 1804379
1781789288249831405 BID 88 7405945
1781789288257136511 ASK 92 479500
1781789288257293646 BID 89 1385118
1781789288257722380 ASK 96 8193653
1781789288265800687 BID 89 2547658
1781789288268196250 ASK 96 270116
1781789288268373141 BID 88 693241
1781789288268484460 ASK 97 32212747
1781789288300591890 BID 88 422993
1781789288300734718 ASK 97 2551601
1781789288301121172 BID 93 3249950
1781789288301718467 ASK 98 3593991
1781789288305043263 BID 93 1171077
1781789288305436361 ASK 98 1509521
1781789288306345566 BID 92 915417
1781789288306976729 ASK 99 558468
1781789288307432384 BID 92 581861
1781789288307648479 ASK 99 422923
1781789288308028061 BID 91 394821
1781789288308317745 ASK 100 631144
1781789288308485419 BID 91 876805
1781789288309023548 ASK 100 1036385
1781789288309388173 BID 90 939031
1781789288310101120 ASK 101 2367370
1781789288312381817 BID 90 8018590
1781789288320328502 ASK 101 1339402
1781789288320519590 BID 90 2004419
1781789288321810401 ASK 102 1621501
1781789288322686344 BID 90 1606072
1781789288323501072 ASK 102 1533727
1781789288324332522 BID 90 1556810
1781789288325093338 ASK 103 2023992
1781789288327085921 BID 90 225012
1781789288327131817 ASK 103 842530
1781789288327354635 BID 89 1095414
1781789288328088822 ASK 104 7930288
1781789288335920986 BID 89 1316920
1781789288336041152 ASK 104 2038723
1781789288337276378 BID 88 1524009
1781789288338166949 ASK 105 4581658
1781789288342719222 BID 88 1682776
1781789288342767282 ASK 105 2649870
1781789288344444007 BID 87 2196239
1781789288345586860 ASK 105 4091569
1781789288349571509 BID 87 3140986
1781789288352666508 ASK 105 1338030
1781789288352802263 BID 90 2113083
1781789288354050224 ASK 106 4894971
1781789288358899990 BID 90 244148
1781789288359006069 ASK 106 1197947
1781789288359201025 BID 91 2789931
1781789288360266373 ASK 110 4584416
1781789288364693394 BID 91 2772002
1781789288367397247 ASK 110 244228
1781789288367529285 BID 90 1061671
1781789288367751000 ASK 106 11317151
1781789288378989975 BID 90 41765338
1781789288380112380 ASK 106 40791822
1781789288420827238 BID 90 649849
1781789288420993369 ASK 108 1335976
1781789288421523163 BID 90 1554125
1781789288423212902 BID 96 626285
1781789288425114298 ASK 108 2011884
1781789288426884489 BID 96 798477
1781789288427144837 ASK 100 955783
1781789288427710618 BID 90 10839520
1781789288438484205 ASK 100 9796088
1781789288448215341 BID 90 933981
1781789288448344213 ASK 104 2153914
1781789288449208103 BID 99 6711403
1781789288455843283 ASK 104 2312291
1781789288455936437 BID 99 3849861
1781789288457245608 BID 90 44906019
1781789288458221989 ASK 105 44381726
1781789288502288654 BID 90 812965
1781789288502621268 ASK 105 2066335
1781789288503221904 BID 99 1538375
1781789288504102456 ASK 111 3932766
1781789288507965110 BID 99 3952013
1781789288511847904 ASK 111 1775801
1781789288511989088 BID 96 3086669
1781789288513677365 ASK 112 6071276
1781789288519581788 BID 96 2553379
1781789288522062471 ASK 112 1697760
1781789288522180332 BID 95 2759897
1781789288523792291 ASK 105 19469611
1781789288543100188 BID 95 1696803
1781789288543294332 ASK 105 2749318
1781789288544829262 BID 95 2866786
1781789288546071883 ASK 106 5394408
1781789288551355943 BID 95 6779764
1781789288557998649 ASK 106 1690153
1781789288558262755 BID 92 2569020
1781789288559718297 ASK 100 4449695
1781789288564074687 BID 92 2406724
1781789288566409306 ASK 100 1844199
1781789288566594373 BID 93 42080866
1781789288567739902 ASK 106 40988587
1781789288608696459 BID 93 2095957
1781789288608752424 ASK 106 3207497
1781789288610010914 ASK 103 3123108
1781789288610824506 BID 98 21743605
1781789288632521915 ASK 103 2069151
1781789288632718814 BID 98 3055771
1781789288634060561 BID 94 3018993
1781789288634627564 ASK 107 19570636
1781789288654105176 BID 94 712817
1781789288654266949 ASK 107 1981326
1781789288654929782 BID 96 3642803
1781789288656313808 ASK 103 5269584
1781789288661547645 BID 96 6135587
1781789288667597291 ASK 103 1978080
1781789288667698501 BID 93 3344002
1781789288669672063 ASK 99 2724610
1781789288671078300 BID 93 3398584
1781789288674406111 ASK 99 1671255
1781789288674501640 BID 92 2859193
1781789288676173025 ASK 100 2264467
1781789288677391591 BID 92 3712412
1781789288678461658 ASK 100 2907393
1781789288680640885 ASK 103 41067585
1781789288681208119 BID 90 40610047
1781789288721789532 ASK 103 1113128
1781789288721829557 BID 90 2399110
1781789288722568824 BID 89 1833348
1781789288723016023 ASK 93 12497621
1781789288735478156 BID 89 8767063
1781789288744053810 ASK 93 3667549
1781789288744291345 BID 88 44389887
1781789288747226138 ASK 103 41544411
1781789288788743018 BID 88 1791220
1781789288788781811 ASK 103 2951816
1781789288790125711 ASK 109 2841349
1781789288790603598 BID 92 4600388
1781789288794964757 ASK 109 1940259
1781789288795324753 BID 92 2815741
1781789288796931866 ASK 99 2547769
1781789288798221105 BID 91 4440318
1781789288802600398 ASK 99 1747247
1781789288802777731 BID 91 2810832
1781789288804398681 ASK 95 2550495
1781789288805723987 BID 90 5150539
1781789288810841194 ASK 95 516979
1781789288810886419 BID 90 1804554
1781789288811447832 ASK 96 2569389
1781789288812751487 BID 89 3547764
1781789288814043160 ASK 96 3455571
1781789288816320701 BID 89 2492055
1781789288817604900 ASK 97 2511450
1781789288818998945 BID 88 2598363
1781789288820248068 ASK 97 2610757
1781789288821771815 BID 88 2379012
1781789288822953321 ASK 98 2509447
1781789288824177558 BID 87 2609024
1781789288825484108 ASK 98 5431106
1781789288830634799 BID 87 782348
1781789288831094961 ASK 103 2726053
1781789288831560094 BID 91 24359237
1781789288855868746 ASK 103 1580219
1781789288855944508 BID 91 2594586
1781789288857475024 ASK 104 2196199
1781789288858565083 BID 98 2473850
1781789288859695338 ASK 104 3575782
1781789288863239150 BID 98 41475184
1781789288863375746 ASK 105 41397548
1781789288904744360 BID 91 137358
1781789288904785207 ASK 105 961513
1781789288905784221 ASK 99 932919
1781789288913209182 ASK 99 1726768
1781789288914373205 BID 91 1595562
1781789288915008145 ASK 98 1988681
1781789288915999094 BID 90 2126789
1781789288923681182 ASK 98 1678549
1781789288925381381 ASK 99 2284720
1781789288927091664 BID 90 1807500
1781789288928978954 BID 91 1166658
1781789288944061341 BID 91 1251347
1781789288945386537 BID 90 1777617
1781789288947832688 BID 90 1389959
1781789288949294061 BID 90 1844229
1781789288950800146 ASK 99 12268400
1781789288962987244 BID 90 1429220
1781789288963090016 ASK 102 2262935
1781789288964450758 BID 89 22631361
1781789288986988825 ASK 102 1297835
1781789288987102277 BID 89 2065755
1781789288988312116 ASK 103 1858006
1781789288989225049 BID 99 1837116
1781789288990268176 ASK 103 13807861
1781789289003907361 BID 99 1429491
1781789289004233132 ASK 109 2055185
1781789289005431540 BID 102 30259534
1781789289035420587 ASK 109 2355238
1781789289035963204 BID 102 42734651
1781789289037730018 ASK 111 41277328
1781789289078772736 BID 103 1581997
1781789289079190470 ASK 111 2132839
1781789289081459593 ASK 109 1825276
1781789289083973491 BID 103 1461671
1781789289085723573 BID 102 1852213
1781789289087765152 BID 102 1650957
1781789289089626413 BID 101 821771
1781789289101048886 BID 101 371567
1781789289101495785 BID 100 939653
1781789289102473128 BID 100 888576
1781789289103385629 BID 99 944141
1781789289114059914 ASK 109 1441409
1781789289115086710 BID 99 1608397
1781789289115566725 ASK 110 2203278
1781789289116718711 BID 101 2201669
1781789289118530208 ASK 110 1291643
1781789289118985733 BID 101 2747192
1781789289119874750 ASK 104 2912523
1781789289121406152 BID 98 42384300
1781789289122817740 ASK 104 41083209
1781789289163846066 BID 98 1856973
1781789289163915216 ASK 110 2596149
1781789289165729348 BID 101 1765091
1781789289167212861 ASK 110 1291773
1781789289167515759 BID 101 1932154
1781789289168528869 ASK 105 1899603
1781789289169573579 BID 101 1782323
1781789289172096881 BID 101 1721198
1781789289173539527 ASK 105 1113559
1781789289173898500 BID 100 1841083
1781789289175162671 ASK 106 1312151
1781789289176236104 BID 96 1046834
1781789289176570682 ASK 106 1478152
1781789289178074092 ASK 107 843862
1781789289178945676 ASK 107 700324
1781789289179754263 ASK 108 736021
1781789289180523225 ASK 108 1571979
1781789289182120752 ASK 105 1734202
1781789289183920648 ASK 105 875131
1781789289184820966 ASK 99 974848
1781789289187325974 ASK 99 1283457
1781789289188347881 BID 96 1246308
1781789289188699150 ASK 100 1766473
1781789289189618534 BID 95 1822819
1781789289190488777 ASK 100 1865448
1781789289191507126 BID 95 1971427
1781789289192376417 ASK 101 2090460
1781789289193501647 BID 94 2034336
1781789289194500821 ASK 101 1948274
1781789289196485253 ASK 102 1331708
1781789289197546383 BID 94 1657549
1781789289197989174 ASK 102 1997852
1781789289199229660 BID 97 1748646
1781789289200068209 ASK 103 2311089
1781789289202823821 BID 97 1510623
1781789289203217009 ASK 103 3136061
1781789289204686965 BID 100 2142619
1781789289206419114 ASK 105 1069877
1781789289207228833 BID 100 11851628
1781789289219047219 ASK 105 1744242
1781789289219098816 BID 97 2497794
1781789289220848187 ASK 105 3727090
1781789289224229649 BID 97 6331285
1781789289230242387 ASK 105 1402800
1781789289230906202 BID 97 1671645
1781789289231664734 ASK 102 1703305
1781789289232600099 BID 97 19012038
1781789289251574156 ASK 102 1094924
1781789289251662742 BID 91 2186220
1781789289252700107 ASK 103 11138181
1781789289263726989 BID 91 1453345
1781789289263916204 ASK 103 2162946
1781789289265262379 BID 98 1724074
1781789289266105951 ASK 104 3416267
1781789289269440865 BID 98 1300510
1781789289270399494 BID 92 19490021
1781789289289774919 ASK 104 10854853
1781789289300591100 BID 92 1283266
1781789289300678494 ASK 106 2133421
1781789289301999010 BID 96 1774819
1781789289302914347 ASK 106 15673745
1781789289318354805 BID 96 1353350
1781789289318674675 ASK 106 1948276
1781789289319736588 BID 95 2521575
1781789289322189154 ASK 106 375164
1781789289322278111 BID 95 1371973
1781789289322655589 ASK 107 2715914
1781789289323712732 BID 96 2764595
1781789289325461582 ASK 107 6212306
1781789289331542181 BID 96 361458
1781789289331760039 ASK 111 1138996
1781789289331969943 BID 99 8045309
1781789289339894225 ASK 111 328085
1781789289340075615 BID 99 1030912
1781789289340298203 ASK 110 839062
1781789289340704924 BID 92 3352640
1781789289344008993 ASK 110 8996263
1781789289352796083 BID 92 806874
1781789289353351295 ASK 112 1144867
1781789289353978231 BID 97 5573373
1781789289359307446 ASK 112 1342739
1781789289359805320 BID 97 1737138
1781789289360968321 ASK 113 1475848
1781789289361563538 BID 97 3828971
1781789289365210638 ASK 113 428684
1781789289365602894 BID 97 854362
1781789289365712970 ASK 104 2263596
1781789289366632545 BID 96 4597483
1781789289370984738 ASK 104 308519
1781789289371258631 BID 96 910027
1781789289371458366 ASK 101 2274997
1781789289372248858 BID 95 17155522
1781789289389253768 ASK 101 595681
1781789289389437482 BID 95 1464211
1781789289389955929 ASK 99 1813011
1781789289391118730 BID 94 3427819
1781789289394512615 ASK 99 272541
1781789289394565695 BID 94 735599
1781789289394821294 ASK 100 1119871
1781789289395420408 BID 93 1995593
1781789289395973586 ASK 100 2015670
1781789289397561694 BID 93 1109601
1781789289398015676 ASK 101 1175594
1781789289398820686 BID 92 851307
1781789289399218311 ASK 101 9053020
1781789289407299518 BID 92 1470057
1781789289408394432 ASK 102 1041974
1781789289409023832 BID 91 9540612
1781789289418092880 ASK 102 42624187
1781789289418722731 BID 91 42094222
1781789289460780124 ASK 101 1313008
1781789289460875483 BID 98 2163833
1781789289466326221 ASK 101 6846206
1781789289473053634 BID 98 1679651
1781789289473253599 ASK 106 2799817
1781789289474763060 BID 97 13717178
1781789289488217124 ASK 106 9349095
1781789289497364701 BID 97 471985
1781789289497747018 ASK 104 923472
1781789289497981759 BID 99 3748241
1781789289501520105 ASK 104 2422183
1781789289503822193 BID 99 1256877
1781789289504078443 ASK 106 2246283
1781789289505206669 BID 98 7915807
1781789289512845727 ASK 106 1385558
1781789289513176668 BID 98 2331442
1781789289514391486 ASK 106 1900174
1781789289515549037 BID 102 3793996
1781789289519284533 ASK 106 399760
1781789289519365325 BID 102 1512898
1781789289519719859 ASK 107 2413838
1781789289520906285 BID 101 3200933
1781789289522170887 ASK 107 43504334
1781789289524201034 BID 101 41574285
1781789289565737398 ASK 109 1621562
1781789289565949165 BID 89 1552632
1781789289567591575 BID 89 664246
1781789289568359355 BID 90 919074
1781789289573539050 BID 90 456717
1781789289574040902 BID 89 1005215
1781789289577651672 ASK 109 1418502
1781789289579222209 ASK 110 956264
1781789289589920705 BID 89 444213
1781789289590446612 BID 90 902577
1781789289595045803 ASK 110 1517597
1781789289596603384 ASK 105 1103990
1781789289597234698 BID 90 1490720
1781789289598285118 ASK 105 1402345
1781789289598811650 BID 96 2067899
1781789289599900813 ASK 100 1925682
1781789289614021958 BID 96 431650
1781789289614482172 BID 95 1131082
1781789289615643260 BID 95 914605
1781789289616584956 BID 94 1012920
1781789289617622091 BID 94 2062728
1781789289619365671 ASK 100 1433174
1781789289619719544 BID 93 2048973
1781789289621442546 ASK 105 1395978
1781789289621888442 BID 93 3251138
1781789289624916943 ASK 105 1223324
1781789289625161752 BID 89 2078729
1781789289626169302 ASK 106 26219892
1781789289652346635 BID 89 1289899
1781789289652448536 ASK 106 2243867
1781789289653359875 ASK 104 2534849
1781789289653805811 BID 88 23128682
1781789289676824787 ASK 104 43151881
1781789289677379710 BID 88 42694250
1781789289720033314 ASK 110 235863
1781789289720094489 BID 95 1723663
1781789289728958183 BID 95 620925
1781789289729684380 BID 101 2674091
1781789289736911421 ASK 110 1890119
1781789289738829994 ASK 110 2455485
1781789289740828592 BID 101 1495495
1781789289742352601 BID 103 1325587
1781789289750044632 BID 103 4085163
1781789289754018476 ASK 110 1482200
1781789289754150073 BID 95 2729433
1781789289755535411 ASK 103 8253083
1781789289763620069 BID 95 2187833
1781789289763819683 ASK 103 3325377
1781789289765297986 ASK 110 3241660
1781789289765833751 BID 100 11233675
1781789289777014276 ASK 110 2075416
1781789289777115005 BID 100 3144191
1781789289779129788 ASK 111 2282591
1781789289780280516 BID 105 2417735
1781789289781452054 ASK 111 2508464
1781789289783501898 BID 105 1558483
1781789289784020932 ASK 112 2221206
1781789289785152564 BID 104 2281970
1781789289787027912 ASK 112 13364295
1781789289800282532 BID 104 1772886
1781789289800454204 ASK 108 2971864
1781789289802158089 BID 104 16561879
1781789289818684601 ASK 108 3003544
1781789289818732742 BID 104 4127686
1781789289821281843 BID 101 42402032
1781789289821768716 ASK 111 42006790
1781789289863749458 BID 101 2377188
1781789289863786647 ASK 111 2470504
1781789289864505406 BID 98 3232512
1781789289866290834 ASK 110 5641511
1781789289871896598 BID 98 2042611
1781789289873314262 ASK 110 1744126
1781789289873966891 BID 98 2324179
1781789289875084347 ASK 110 10936672
1781789289885981215 BID 98 1572008
1781789289886036819 ASK 110 2716555
1781789289887708614 BID 97 2418356
1781789289888781567 ASK 108 2725179
1781789289890141868 BID 97 6241677
1781789289896273408 ASK 108 577348
1781789289896408311 BID 98 1766153
1781789289896936868 ASK 104 8837921
1781789289905686473 BID 98 6842844
1781789289912397520 ASK 104 1641458
1781789289912581064 BID 96 2469031
1781789289914068754 ASK 103 30116476
1781789289944051038 BID 96 1965576
1781789289944243249 ASK 103 2956064
1781789289946144034 BID 93 2715352
1781789289947280255 ASK 104 7054521
1781789289954274774 BID 93 1925290
1781789289954452477 ASK 104 3152823
1781789289956247583 BID 98 3019885
1781789289957647589 ASK 105 2693572
1781789289959499453 BID 98 3622314
1781789289962905311 ASK 105 2172484
1781789289963258513 BID 93 3115533
1781789289965297708 ASK 97 12524691
1781789289976897742 BID 93 45335442
1781789289977856072 ASK 97 44814643
1781789290022437888 BID 98 1351825
1781789290022993040 ASK 105 2063691
1781789290023811124 BID 98 3159756
1781789290026993863 BID 99 1159916
1781789290028542017 BID 99 2479300
1781789290031041595 BID 98 1275718
1781789290032344233 BID 98 1348314
1781789290033757368 BID 97 1377544
1781789290035172763 BID 97 2371438
1781789290037579457 BID 96 1755041
1781789290039622459 BID 96 2661041
1781789290042355625 BID 95 2664718
1781789290055750919 BID 95 479850
1781789290056268139 BID 94 403016
1781789290063059356 ASK 105 1396279
1781789290064290826 BID 94 1287064
1781789290065067342 ASK 106 1446573
1781789290065605762 BID 90 1836585
1781789290066548570 ASK 106 13830751
1781789290080328756 BID 90 517210
1781789290080404448 ASK 108 2399641
1781789290080887594 BID 92 10848585
1781789290091654987 ASK 108 1921797
1781789290091764422 BID 92 3304229
1781789290093702619 ASK 101 2116991
1781789290095111612 BID 94 24957850
1781789290119962301 ASK 101 410620
1781789290120084350 BID 94 1229035
1781789290120513645 ASK 104 1921474
1781789290121208128 BID 90 9741470
1781789290130662881 ASK 104 23568504
1781789290153992216 BID 90 1031085
1781789290154310143 ASK 99 2760267
1781789290155198048 BID 93 3239045
1781789290157099525 ASK 99 3400848
1781789290160456922 BID 93 560391
1781789290160519860 ASK 108 1780409
1781789290161047560 BID 102 5996797
1781789290167013860 ASK 108 651411
1781789290167554674 BID 102 374693
1781789290167691180 ASK 109 495589
1781789290168034083 BID 101 7445094
1781789290175410518 ASK 109 1670714
1781789290175492622 BID 101 2689354
1781789290176760931 BID 95 2571663
1781789290177159789 ASK 101 8098649
1781789290185162267 BID 95 23207022
1781789290208336528 ASK 101 435307
1781789290208382594 BID 92 1425263
1781789290208835714 ASK 102 7121712
1781789290215770756 BID 92 40925103
1781789290216008422 ASK 102 40847226
1781789290256729382 BID 85 725701
1781789290256908788 ASK 106 1632912
1781789290257549329 BID 85 2749667
1781789290260001088 ASK 106 1293265
1781789290260375400 BID 95 1901752
1781789290261444525 ASK 101 1674325
1781789290268000135 ASK 101 1389356
1781789290269201358 BID 95 1028149
1781789290269510789 ASK 102 1409643
1781789290270319045 BID 85 1468325
1781789290271037011 ASK 102 19432697
1781789290290438360 BID 85 422201
1781789290290608389 ASK 99 1267167
1781789290290893694 BID 86 3559877
1781789290294413826 ASK 99 3549713
1781789290297928613 BID 86 1190773
1781789290297975822 ASK 108 2081704
1781789290299253067 BID 85 9330770
1781789290308419309 ASK 108 1422318
1781789290308678054 BID 85 2255631
1781789290309868727 ASK 99 2115648
1781789290311069800 BID 84 27314981
1781789290338194294 ASK 99 1034780
1781789290338444553 BID 84 1723763
1781789290339346966 ASK 100 1654633
1781789290340301286 BID 92 1447455
1781789290341106436 ASK 100 9374012
1781789290350450341 BID 92 413986
1781789290350567380 ASK 112 1387117
1781789290350904332 BID 95 4767091
1781789290355572378 ASK 112 11783655
1781789290367212234 BID 95 1341927
1781789290367443077 ASK 113 2149592
1781789290368692490 BID 99 4909628
1781789290373385822 ASK 113 21969536
1781789290395131598 BID 99 463279
1781789290395407856 ASK 105 1233790
1781789290395742023 BID 98 12700017
1781789290408281640 ASK 105 1199409
1781789290408536848 BID 98 1928638
1781789290409667158 ASK 103 1659112
1781789290410591873 BID 97 3208499
1781789290413704601 ASK 103 2202623
1781789290415808599 BID 97 449473
1781789290415924126 ASK 104 1346876
1781789290416294651 BID 98 6561176
1781789290422718900 ASK 104 401302
1781789290422878189 BID 98 1189220
1781789290423184713 ASK 105 1901647
1781789290424164071 BID 97 2782399
1781789290425117990 ASK 105 2811784
1781789290426974241 BID 97 1895936
1781789290427961603 ASK 106 1836975
1781789290428894753 BID 96 1906766
1781789290429827041 ASK 106 1953955
1781789290430836986 BID 96 1822548
1781789290431933542 ASK 107 1685892
1781789290432693939 BID 95 1831506
1781789290433653328 ASK 107 11459188
1781789290445068434 BID 95 346830
1781789290445162831 ASK 111 1275853
1781789290445444940 BID 94 3729625
1781789290449112088 ASK 111 7505647
1781789290456566920 BID 94 1831145
1781789290456632473 ASK 111 2960983
1781789290458420096 BID 93 2367270
1781789290459649812 ASK 111 21543777
1781789290481021937 BID 93 1342407
1781789290481341937 ASK 101 2034736
1781789290482388320 BID 92 10655760
1781789290492911381 ASK 101 1533085
1781789290493067624 BID 92 2369333
1781789290494100030 BID 88 2281069
1781789290494489490 ASK 97 2976263
1781789290497148288 BID 88 9790793
1781789290506854021 ASK 97 448842
1781789290507049287 BID 87 1342829
1781789290507362675 ASK 98 4697591
1781789290512026272 BID 87 1389195
1781789290512077708 ASK 98 2293281
1781789290513062585 ASK 101 41683331
1781789290513465932 BID 87 41360615
1781789290554785740 ASK 101 118833
1781789290554844110 BID 87 78417
1781789290555788291 BID 100 295253
1781789290555820822 ASK 107 2706271
1781789290563181898 BID 100 1776912
1781789290564993886 BID 99 2396275
1781789290567414336 BID 99 1955568
1781789290569411552 BID 98 1910122
1781789290573946097 ASK 107 1232191
1781789290574074087 BID 98 2073439
1781789290575200870 ASK 102 2014549
1781789290576184335 BID 97 19548153
1781789290595598597 ASK 102 3358048
1781789290595755552 BID 97 44010584
1781789290597079504 BID 90 42737778
1781789290598529915 ASK 107 41349183
1781789290639831539 BID 90 136907
1781789290640071940 BID 98 92543
