1781789252904283724 BID 98 305202
1781789252904470895 ASK 102 276428
1781789254951698731 BID 98 663594
1781789254952411788 BID 99 1004184
1781789254976568676 BID 99 1972169
1781789254978642957 BID 98 1807831
1781789254980891203 BID 98 250931
1781789254981177229 BID 99 479305
1781789255000840580 BID 99 662343
1781789255001684623 BID 98 988373
1781789255022820830 ASK 102 398337
1781789255023289960 ASK 101 1394019
1781789255032207178 ASK 101 505789
1781789255032792325 ASK 102 1992587
1781789255035041493 BID 98 1220522
1781789255036333469 BID 97 1521834
1781789255041804320 ASK 102 518773
1781789255042504082 ASK 103 772359
1781789255053420346 ASK 103 480521
1781789255053960749 ASK 101 694752
1781789255057021378 ASK 101 554190
1781789255057632464 ASK 102 1105966
1781789255058775169 ASK 102 814638
1781789255059619964 ASK 103 1254363
1781789255076249173 BID 97 3045903
1781789255079331254 BID 96 1822398
1781789255090486035 ASK 103 2077332
1781789255092635312 ASK 102 2639645
1781789255095955533 ASK 102 1991335
1781789255097976023 ASK 100 1760021
1781789255099143152 BID 96 2017775
1781789255101201804 BID 95 977083
1781789255106119116 ASK 100 1306090
1781789255107458558 ASK 101 508995
1781789255107987080 ASK 101 389651
1781789255108407298 ASK 102 678372
1781789255112365001 ASK 102 785554
1781789255113241595 ASK 103 1065947
1781789255141956621 ASK 103 1232823
1781789255143249566 ASK 104 1291783
1781789255147804540 ASK 104 1831144
1781789255149874753 ASK 104 2560583
1781789255157015796 BID 95 550182
1781789255157693046 BID 99 725972
1781789255161038601 BID 99 742162
1781789255161934111 BID 98 2600677
1781789255164582648 BID 98 1994116
1781789255166620867 BID 97 979582
1781789255167645453 BID 97 1602085
1781789255169329401 BID 96 2857690
1781789255176655431 BID 96 1327360
1781789255178007297 BID 95 2195297
1781789255181266219 BID 95 1757005
1781789255183063259 BID 99 2492946
1781789255188554659 ASK 104 1776432
1781789255190356689 ASK 105 2415169
1781789255194999506 BID 99 701221
1781789255195748998 BID 98 2061697
1781789255197864616 BID 98 2761910
1781789255200315402 BID 95 40392433
1781789255240776444 BID 95 1473874
1781789255242330278 BID 102 2281249
1781789255252547200 BID 102 1225199
1781789255253741651 BID 95 31271697
1781789255284979825 ASK 105 2019699
1781789255285028246 BID 95 3319566
1781789255287059356 ASK 102 2444514
1781789255288404108 BID 95 4931353
1781789255293254981 ASK 102 8516869
1781789255301666773 BID 95 1897840
1781789255301791076 ASK 103 2806648
1781789255303601181 BID 94 2363707
1781789255304619225 ASK 103 7590786
1781789255312140922 BID 94 1823059
1781789255312274142 ASK 105 2851488
1781789255314037469 BID 95 4509293
1781789255318400808 ASK 105 1544542
1781789255319500084 BID 95 1669817
1781789255319998850 ASK 103 2305253
1781789255321222520 BID 94 9532814
1781789255330633025 ASK 103 41201255
1781789255371864867 ASK 105 182593
1781789255373920698 ASK 105 1527616
1781789255375471548 ASK 106 2337193
1781789255401266217 ASK 106 2001556
1781789255403314591 ASK 106 2292622
1781789255408810359 BID 94 512573
1781789255409385109 BID 93 1341416
1781789255413545421 BID 93 1531363
1781789255414699907 ASK 106 1537925
1781789255415097663 BID 94 2393730
1781789255416294157 ASK 107 2279635
1781789255422565469 BID 94 485090
1781789255423118547 BID 93 1158593
1781789255448789304 BID 93 1436419
1781789255450260519 BID 96 3208892
1781789255457915931 BID 96 413245
1781789255458411431 BID 95 1198167
1781789255459695448 BID 95 1205993
1781789255460984296 BID 94 1392792
1781789255462456437 BID 94 1151820
1781789255463716450 BID 93 1288306
1781789255468325861 BID 93 1672101
1781789255470045661 BID 92 2362857
1781789255472434317 BID 92 1339687
1781789255473303001 ASK 107 1866089
1781789255473803810 BID 91 2611568
1781789255475196732 ASK 98 2736062
1781789255476437299 BID 91 2706035
1781789255479165606 BID 90 1171227
1781789255500934625 ASK 98 1606914
1781789255502607984 ASK 98 1142462
1781789255514173326 BID 90 1894002
1781789255516153429 BID 91 2330807
1781789255521113813 ASK 98 1648807
1781789255522348869 ASK 99 23993056
1781789255546268938 BID 91 585062
1781789255546358416 ASK 99 1795361
1781789255546885609 BID 102 2402286
1781789255547743669 ASK 105 4656384
1781789255552317797 BID 102 15038656
1781789255567323702 ASK 105 1728031
1781789255567453205 BID 96 2947508
1781789255569075277 ASK 107 2643188
1781789255570437893 BID 96 9005129
1781789255579410021 ASK 107 1768557
1781789255579454654 BID 98 2938742
1781789255581247898 ASK 105 5362267
1781789255586515127 BID 98 21255185
1781789255607611930 ASK 105 1704672
1781789255607805638 BID 91 2665650
1781789255609341890 ASK 100 5197658
1781789255614446263 BID 91 5471102
1781789255619807158 ASK 100 523492
1781789255619969923 BID 89 1728712
1781789255620424706 ASK 101 3747547
1781789255623709257 BID 89 1662859
1781789255624252032 ASK 101 2479683
1781789255625420786 BID 89 2515248
1781789255626875715 ASK 102 7825798
1781789255634592398 BID 89 2341953
1781789255634772827 ASK 102 3517141
1781789255636131696 ASK 105 3494614
1781789255636962103 BID 88 6322809
1781789255643248764 ASK 105 1718994
1781789255643383847 BID 88 2887726
1781789255644997704 ASK 103 2485562
1781789255646370288 BID 95 2548520
1781789255647601778 ASK 103 41623558
1781789255689150836 BID 95 1615926
1781789255689241957 ASK 103 2783586
1781789255690797269 BID 94 2649654
1781789255693001648 ASK 103 1568672
1781789255693479985 BID 94 2320372
1781789255694665589 ASK 103 2577173
1781789255695901326 BID 93 13215215
1781789255708991206 ASK 103 1786178
1781789255709221197 BID 93 2884602
1781789255710810255 ASK 104 2398539
1781789255712136056 BID 92 2162572
1781789255713256112 ASK 104 23430115
1781789255736630352 BID 92 651362
1781789255736741070 ASK 105 2731773
1781789255737312381 BID 94 27174451
1781789255764387506 ASK 105 1941688
1781789255764578244 BID 94 2800783
1781789255766356926 ASK 105 2298034
1781789255767458777 BID 97 20323081
1781789255787641956 ASK 105 1909922
1781789255789199983 BID 97 1470608
1781789255789572056 ASK 106 2283358
1781789255790770409 BID 96 4051790
1781789255794785139 ASK 106 2309161
1781789255797059925 BID 96 1659583
1781789255797106022 ASK 105 2720352
1781789255798743112 BID 97 2210271
1781789255799856821 ASK 105 14725870
1781789255814523439 BID 97 1525642
1781789255814683800 ASK 105 2723623
1781789255816152805 BID 96 14703177
1781789255830780581 ASK 105 2169910
1781789255830875799 BID 96 3291594
1781789255832509563 BID 94 43274233
1781789255832991597 ASK 106 42849918
1781789255875811779 BID 94 100909
1781789255875853708 ASK 106 120005
1781789255876735717 BID 91 424932
1781789255876802753 ASK 107 1476334
1781789255880879584 BID 91 1302042
1781789255882208306 BID 90 885380
1781789255883246864 BID 90 822152
1781789255884124530 BID 89 1624692
1781789255885474277 ASK 107 1192177
1781789255886868161 ASK 107 1539332
1781789255895367477 ASK 107 1478413
1781789255896876167 ASK 97 1075241
1781789255899589065 BID 89 1363888
1781789255900980444 BID 88 1062721
1781789255902072070 BID 88 2072318
1781789255904270194 BID 92 883707
1781789255910487024 ASK 97 9628028
1781789255920052285 BID 92 573495
1781789255920183691 ASK 104 1471730
1781789255920817821 BID 98 14677589
1781789255935457428 ASK 104 4917293
1781789255940113862 BID 98 457428
1781789255940411891 ASK 106 1194541
1781789255940637474 BID 97 11711805
1781789255952260904 ASK 106 499226
1781789255952374156 BID 97 1467663
1781789255952799143 ASK 102 2442561
1781789255953877686 BID 96 9870983
1781789255963502217 ASK 102 1226581
1781789255964092925 BID 96 1612414
1781789255964870293 ASK 103 1925712
1781789255965758899 BID 99 1977700
1781789255966867709 ASK 103 4471807
1781789255971275106 BID 99 2464212
1781789255971368140 ASK 106 3901657
1781789255973810831 BID 99 7149299
1781789255980701645 ASK 106 1456672
1781789255981119980 BID 99 2099668
1781789255982180579 ASK 106 1966498
1781789255983698536 BID 92 30814414
1781789256014463427 ASK 106 2048292
1781789256014760675 BID 92 2720051
1781789256016708137 ASK 100 1973341
1781789256017794635 BID 96 40970092
1781789256058819820 BID 96 1139468
1781789256059819445 ASK 100 1340144
1781789256059980307 BID 94 3518719
1781789256061331982 ASK 104 3208748
1781789256064736357 ASK 104 1729945
1781789256066555309 ASK 105 800341
1781789256067592083 ASK 105 1765141
1781789256069377983 ASK 106 2223110
1781789256071158713 BID 94 43528589
1781789256071623545 ASK 106 43228927
1781789256114809191 BID 105 710863
1781789256114884542 ASK 109 1544698
1781789256121851048 BID 105 1466481
1781789256123343918 BID 105 2010812
1781789256125417518 BID 105 2065975
1781789256127713424 BID 104 893475
1781789256128853151 BID 104 944552
1781789256129839321 BID 103 1545258
1781789256131405929 BID 103 1203327
1781789256132629665 BID 96 101891
1781789256135544692 ASK 109 923131
1781789256136220790 BID 96 2734288
1781789256136529219 ASK 99 3915854
1781789256138989914 BID 95 2398127
1781789256140809286 ASK 99 2105880
1781789256141481717 BID 95 2731273
1781789256142970219 ASK 100 2601058
1781789256144233318 BID 94 2450646
1781789256145776362 ASK 100 2060805
1781789256147968403 ASK 97 1986777
1781789256153258094 ASK 97 9378440
1781789256161908799 BID 94 1697925
1781789256163564064 ASK 102 1468193
1781789256163619708 BID 93 1853727
1781789256165123438 ASK 102 3239486
1781789256168275781 BID 93 1605200
1781789256168503188 ASK 105 2863351
1781789256169906790 BID 92 21125582
1781789256190542022 ASK 105 1262849
1781789256191285647 BID 92 1444399
1781789256191846990 ASK 103 2798959
1781789256192752318 BID 93 3361464
1781789256196006231 ASK 103 1343209
1781789256196238226 BID 93 2353544
1781789256197503639 ASK 106 1821256
1781789256198705042 BID 92 2095401
1781789256200009349 ASK 106 2880963
1781789256202153470 BID 92 1302894
1781789256202924747 ASK 109 856967
1781789256203499695 BID 101 35676023
1781789256239144158 ASK 109 377048
1781789256239188682 BID 101 1200672
1781789256239566300 ASK 103 2450836
1781789256240407117 BID 99 4132441
1781789256244452124 ASK 103 17286411
1781789256261702618 BID 99 1015254
1781789256261756179 ASK 109 1763357
1781789256262789927 BID 98 15318070
1781789256278015975 ASK 109 494467
1781789256278136080 BID 98 1580675
1781789256278710648 ASK 107 1073142
1781789256279240972 BID 91 3369370
1781789256282576288 ASK 107 14442447
1781789256296702672 BID 91 1711711
1781789256297241714 ASK 95 1414472
1781789256298433449 BID 90 2621256
1781789256301021824 ASK 95 40058582
1781789256340992040 BID 90 370725
1781789256341151078 ASK 103 1980805
1781789256341422748 BID 89 2573126
1781789256343168292 ASK 103 1640297
1781789256344539373 BID 89 1127735
1781789256344905770 ASK 104 1365351
1781789256345777074 BID 98 20890702
1781789256366597655 ASK 104 296006
1781789256366734992 BID 98 1135780
1781789256367020337 ASK 105 1820074
1781789256367947837 BID 97 2761915
1781789256368876489 ASK 105 9454712
1781789256378295695 BID 97 1393303
1781789256378344446 ASK 107 2236565
1781789256379719154 BID 96 1968913
1781789256380602642 ASK 107 1864026
1781789256381738191 BID 96 1614388
1781789256382541919 ASK 105 1719384
1781789256383446475 BID 95 12221122
1781789256395520481 ASK 105 1351745
1781789256396019778 BID 95 1755031
1781789256397352447 ASK 106 1246377
1781789256397875759 BID 101 1521353
1781789256398648097 ASK 106 3065560
1781789256401674864 BID 101 74800
1781789256401726501 ASK 107 2001083
1781789256401759803 BID 100 4859174
1781789256406510524 ASK 107 5892051
1781789256412371687 BID 100 1396514
1781789256412414347 ASK 109 2276836
1781789256413808607 BID 99 1997180
1781789256415444179 ASK 109 1392462
1781789256415840953 BID 99 43833562
1781789256416870565 ASK 110 42864544
1781789256459704672 BID 99 665929
1781789256464473652 BID 99 349937
1781789256464914849 BID 98 846428
1781789256465870562 BID 98 943529
1781789256466908278 BID 97 797616
1781789256467864762 BID 97 783329
1781789256468769719 BID 96 1574318
1781789256472482873 ASK 110 1287765
1781789256473407517 BID 96 1263110
1781789256473895102 ASK 106 1513980
1781789256474764964 BID 95 1409354
1781789256475992015 ASK 106 1431244
1781789256476378891 BID 95 1627783
1781789256477439640 ASK 100 845766
1781789256478117221 BID 92 3474857
1781789256481559547 ASK 100 1446112
1781789256481685433 BID 92 2451212
1781789256483118491 ASK 101 2127876
1781789256484157455 BID 93 2050727
1781789256485268368 ASK 101 11447095
1781789256496680277 BID 93 461556
1781789256496730892 ASK 104 1495826
1781789256497225179 BID 92 14665341
1781789256511860003 ASK 104 370750
1781789256511902222 BID 92 2088933
1781789256512260058 ASK 105 2665710
1781789256514051979 BID 91 1876845
1781789256514958790 ASK 105 6347680
1781789256521176286 BID 91 1272506
1781789256521517205 ASK 110 1982799
1781789256522563167 BID 100 33507666
1781789256556031178 ASK 110 810721
1781789256556143409 BID 100 1545649
1781789256556868709 ASK 106 843562
1781789256557583901 BID 103 9615925
1781789256567151124 ASK 106 1419142
1781789256567258636 BID 103 2296487
1781789256568338972 BID 100 41793816
1781789256568739503 ASK 107 41488985
1781789256610173134 BID 100 188003
1781789256610244087 ASK 107 133070
1781789256615633386 BID 106 1554425
1781789256615743212 ASK 110 2706502
1781789256618116549 BID 106 1348510
1781789256619513849 BID 105 976662
1781789256620552247 BID 105 957045
1781789256621561079 BID 104 1792456
1781789256623456969 BID 104 1938045
1781789256625486045 BID 103 928902
1781789256626438451 BID 103 949310
1781789256627515982 BID 102 1077240
1781789256628651842 BID 102 984306
1781789256629717451 BID 101 2310854
1781789256632082316 BID 101 990308
1781789256633096539 BID 100 1822373
1781789256634967023 BID 100 2536667
1781789256637370581 ASK 110 374231
1781789256637566749 BID 97 1099843
1781789256637855811 ASK 108 40852741
1781789256678791537 ASK 108 1378756
1781789256679916147 BID 97 1125861
1781789256680251666 ASK 103 1596284
1781789256681090790 BID 93 6564066
1781789256687578824 ASK 103 4979887
1781789256692527162 BID 93 1209797
1781789256692570293 ASK 105 2012072
1781789256693824573 BID 92 40859018
1781789256734717445 BID 92 76784
1781789256735449959 BID 90 513382
1781789256744541666 ASK 105 397190
1781789256745009519 ASK 95 1114638
1781789256755023626 ASK 95 1216206
1781789256756303581 ASK 96 1830760
1781789256758252292 ASK 96 741581
1781789256759030251 ASK 97 1861113
1781789256761024053 ASK 97 2046961
1781789256763095119 ASK 98 1090816
1781789256764274802 ASK 98 1777283
1781789256766127577 ASK 99 1041824
1781789256767273155 ASK 99 1769229
1781789256768712525 BID 90 1327440
1781789256769096806 ASK 100 1945208
1781789256770257443 BID 94 1880467
1781789256771292113 ASK 100 1910122
1781789256773380901 ASK 101 859352
1781789256774426552 ASK 101 1790238
1781789256776256414 ASK 102 935304
1781789256781499117 BID 94 441238
1781789256782000307 BID 93 959961
1781789256782981568 BID 93 2010862
1781789256785053955 BID 92 2960261
1781789256787653409 ASK 102 41059859
1781789256788041076 BID 92 40894619
1781789256828751630 ASK 107 1941163
1781789256828953639 BID 95 3296786
1781789256832277755 BID 95 3290642
1781789256835626867 BID 94 3376773
1781789256839109468 BID 94 1451618
1781789256840722709 BID 93 2675252
1781789256842889233 ASK 107 1686699
1781789256843424992 BID 93 2469031
1781789256844707768 ASK 103 2585299
1781789256845983962 BID 92 2506731
1781789256848553291 BID 92 2726730
1781789256849768781 ASK 103 2567736
1781789256851329493 BID 88 1166994
1781789256852379487 ASK 98 3251524
1781789256855590915 BID 88 8194194
1781789256863726659 ASK 98 1716009
1781789256863806830 BID 94 1804714
1781789256865016869 ASK 103 2031861
1781789256865739204 BID 94 12180526
1781789256877791369 ASK 103 552636
1781789256877937222 BID 89 3162221
1781789256878366708 ASK 98 4825089
1781789256883156561 BID 89 11732254
1781789256894780913 ASK 98 1497690
1781789256894918682 BID 88 2553500
1781789256896307898 ASK 99 23149869
1781789256919410729 BID 88 1923614
1781789256919482393 ASK 99 3053597
1781789256920876427 ASK 101 1732219
1781789256921361332 BID 87 14338713
1781789256935555364 ASK 101 1622192
1781789256935714593 BID 87 2612504
1781789256937234754 ASK 102 2238338
1781789256938345030 BID 88 2391656
1781789256939543304 ASK 102 4539352
1781789256943801048 BID 88 446558
1781789256944133843 ASK 106 1568818
1781789256944290086 BID 87 7277181
1781789256951511593 ASK 106 2739069
1781789256954136959 BID 87 1940720
1781789256954279516 ASK 108 3061192
1781789256956204938 BID 94 4008939
1781789256960159455 ASK 108 638417
1781789256960240787 BID 94 2877517
1781789256960859508 ASK 107 3448708
1781789256963168839 BID 93 11622318
1781789256974740032 ASK 107 629806
1781789256974804502 BID 93 3280613
1781789256975436803 ASK 108 3946888
1781789256978126363 BID 94 2388549
1781789256979406013 ASK 108 5900186
1781789256985219857 BID 94 1870979
1781789256985334622 ASK 104 42360370
1781789256986581696 BID 88 41220988
1781789257027760184 ASK 104 1305363
1781789257027832049 BID 88 2406588
1781789257029094201 ASK 102 2521058
1781789257030263604 BID 88 3324916
1781789257035876417 ASK 102 11876671
1781789257047607714 BID 88 1929819
1781789257047814402 ASK 108 3032076
1781789257049559805 BID 88 3615637
1781789257053090312 ASK 108 20826777
1781789257073838481 BID 88 1739836
1781789257073959839 ASK 108 2798489
1781789257075640714 BID 98 13877259
1781789257089460886 ASK 108 1646609
1781789257089533903 BID 98 2781016
1781789257090699981 BID 88 2834987
1781789257091228632 ASK 108 13102861
1781789257104293923 BID 88 1504711
1781789257104352022 ASK 108 2767654
1781789257105835924 BID 87 2732460
1781789257107192102 ASK 107 4637183
1781789257111621576 BID 87 10958478
1781789257122442636 ASK 107 2009775
1781789257122751275 BID 87 3167711
1781789257124521320 ASK 90 3901812
1781789257128239548 BID 87 1827017
1781789257129623865 ASK 90 1696331
1781789257130136346 BID 86 2586261
1781789257131369569 ASK 91 3530556
1781789257134827620 BID 86 2205903
1781789257134923950 ASK 91 3320288
1781789257136376756 ASK 103 43335272
1781789257137075571 BID 87 42769807
1781789257179743046 ASK 103 1582263
1781789257179873090 BID 87 2699824
1781789257181359153 ASK 97 2555863
1781789257182652713 BID 87 2691809
1781789257184031624 ASK 97 2892611
1781789257186992553 ASK 98 2498956
1781789257189560789 ASK 98 1742168
1781789257191454401 ASK 99 1147963
1781789257192656275 ASK 99 1214458
1781789257193968346 ASK 100 2165722
1781789257195715663 BID 87 1628996
1781789257196156530 ASK 100 2270028
1781789257197370978 BID 86 2369775
1781789257198460131 ASK 101 2466391
1781789257200950797 ASK 101 1126524
1781789257202103019 ASK 90 1176461
1781789257208059606 ASK 90 464672
1781789257208588678 ASK 91 1107367
1781789257209725269 ASK 91 1151235
1781789257210903425 ASK 92 2227662
1781789257213200918 ASK 92 1034130
1781789257214312483 ASK 93 1139818
1781789257215526079 ASK 93 1068504
1781789257216618688 ASK 94 1219708
1781789257217926671 ASK 94 2363153
1781789257219933956 BID 86 1695019
1781789257220355116 ASK 95 2553304
1781789257221740895 BID 85 2594782
1781789257222966669 ASK 95 2651263
1781789257224358159 BID 85 2515984
1781789257225686010 ASK 96 2397181
1781789257226979761 BID 86 2225574
1781789257229987352 ASK 96 3492276
1781789257233434954 BID 86 1548689
1781789257233590075 ASK 103 2561664
1781789257235100011 BID 93 2254724
1781789257236181846 ASK 103 3264176
1781789257239324424 BID 93 41342949
1781789257239533516 ASK 103 41199220
1781789257280700024 BID 88 146697
1781789257280745910 ASK 103 1477880
1781789257282248767 ASK 91 2472742
1781789257289062551 BID 88 628393
1781789257289239032 ASK 91 1758558
1781789257289750035 BID 87 3555644
1781789257291022637 ASK 99 3831576
1781789257294230894 BID 87 1848617
1781789257294883649 ASK 99 2966835
1781789257296135256 BID 86 3478574
1781789257297974836 ASK 100 3470199
1781789257299739716 BID 86 3147188
1781789257301533952 ASK 100 2762842
1781789257302946987 BID 85 2771333
1781789257304321931 ASK 101 2781707
1781789257305804872 BID 85 10386500
1781789257316041060 ASK 101 1700660
1781789257316258228 BID 85 2597672
1781789257317802334 ASK 102 3217985
1781789257320889744 BID 85 629731
1781789257321104938 ASK 102 1652960
1781789257321579829 BID 92 3578222
1781789257322826327 ASK 103 4400564
1781789257327181745 BID 92 6777111
1781789257333851605 ASK 103 628830
1781789257333989624 BID 85 1871620
1781789257334540067 ASK 102 11476070
1781789257345872336 BID 85 664697
1781789257346127144 ASK 102 1705779
1781789257346558353 BID 84 3627904
1781789257347862429 ASK 92 43832782
1781789257391723975 ASK 92 892231
1781789257392118878 BID 84 1721038
1781789257392141902 ASK 104 2940411
1781789257393906622 BID 92 7771791
1781789257401602671 ASK 104 6608129
1781789257407920285 BID 92 1978410
1781789257408332358 ASK 106 2822164
1781789257410037025 BID 98 2334895
1781789257411922256 ASK 106 3925978
1781789257415561717 BID 98 639810
1781789257415972197 ASK 103 1529759
1781789257416227085 BID 97 3454428
1781789257419336897 ASK 103 1597817
1781789257419809894 BID 97 2311741
1781789257421055821 ASK 100 2342864
1781789257422171829 BID 96 27680852
1781789257449711296 ASK 100 1657409
1781789257449871978 BID 96 2602360
1781789257450930954 BID 85 2755548
1781789257451433436 ASK 101 3751456
1781789257454696526 BID 85 1772996
1781789257455206944 ASK 101 2304762
1781789257456538792 BID 97 2424757
1781789257457533046 ASK 102 2531494
1781789257459660121 BID 97 1675032
1781789257460883065 ASK 107 1665343
1781789257461458765 BID 97 2393854
1781789257463394790 ASK 107 8146570
1781789257471212543 BID 97 1760522
1781789257471880906 ASK 106 1802101
1781789257472990377 BID 88 12640468
1781789257485582214 ASK 106 1667848
1781789257485642598 BID 88 2926159
1781789257487387350 ASK 93 2469000
1781789257488619491 BID 87 2530220
1781789257489991123 ASK 93 2391155
1781789257491277972 BID 87 2451603
1781789257492492555 ASK 94 2402836
1781789257493922677 BID 86 42763736
1781789257494978076 ASK 94 41884778
1781789257536821917 BID 86 126878
1781789257536921224 ASK 100 1211562
1781789257537711185 BID 94 2711746
1781789257550506664 ASK 100 1759668
1781789257551874144 BID 94 1570959
1781789257552347515 ASK 99 2198630
1781789257553488374 BID 93 3987547
1781789257557431047 ASK 99 1696223
1781789257557494316 BID 93 2720575
1781789257559196570 ASK 100 2378001
1781789257560283719 BID 96 2490508
1781789257561664349 ASK 100 2270305
1781789257562843367 BID 96 2205366
1781789257563979127 ASK 101 2362702
1781789257565070484 BID 95 5934270
1781789257570935945 ASK 101 721874
1781789257571037666 BID 95 1938471
1781789257572497184 ASK 103 1872022
1781789257573004280 BID 94 8457216
1781789257581415090 ASK 103 4966455
1781789257586346238 BID 94 1503340
1781789257586397605 ASK 106 2608593
1781789257587890535 BID 102 14135221
1781789257601931700 ASK 106 2090395
1781789257602045213 BID 102 3289690
1781789257604072470 ASK 107 2497905
1781789257605363507 BID 98 2515438
1781789257606592126 ASK 107 3282201
1781789257609809134 BID 98 1704828
1781789257609914542 ASK 108 2823947
1781789257611543788 BID 102 19546175
1781789257631057903 ASK 108 8768677
1781789257639777156 BID 102 437847
1781789257639837159 ASK 110 1449073
1781789257640265137 BID 99 7565271
1781789257647800763 ASK 110 1285082
1781789257647908705 BID 99 2107252
1781789257649167588 ASK 109 1904971
1781789257650073085 BID 98 5955760
1781789257655920863 ASK 109 1402660
1781789257656082897 BID 98 2284893
1781789257657414614 ASK 110 1932351
1781789257658415929 BID 96 1852019
1781789257659428228 ASK 110 2526909
1781789257661887120 BID 96 366247
1781789257662019458 ASK 108 1139707
1781789257662309993 BID 101 10224131
1781789257672495071 ASK 108 381826
1781789257672546447 BID 101 1294578
1781789257672904699 ASK 105 2685026
1781789257673867956 BID 96 9479088
1781789257683301749 ASK 105 6152314
1781789257689408718 BID 96 540309
1781789257689520187 ASK 100 2653131
1781789257689973643 BID 95 3136733
1781789257692802549 ASK 100 1420398
1781789257693150441 BID 95 2000811
1781789257694252152 ASK 101 1864693
1781789257695174876 BID 94 1913922
1781789257696138325 ASK 101 21354802
1781789257717458312 BID 94 1279530
1781789257717509738 ASK 98 2122481
1781789257718858017 BID 94 10442516
1781789257729271538 ASK 98 7008936
1781789257736231963 BID 94 1186224
1781789257736293568 ASK 102 2253236
1781789257737439948 BID 95 42227356
1781789257739190111 ASK 102 40510926
1781789257779715074 ASK 99 65833
1781789257780381464 BID 95 407294
1781789257782831358 ASK 99 7030816
1781789257789740125 BID 95 426012
1781789257789880639 ASK 105 1390142
1781789257790241950 BID 94 12785171
1781789257802953152 ASK 105 459953
1781789257803077155 BID 94 1604099
1781789257803482595 ASK 100 3430163
1781789257804735986 BID 93 3345655
1781789257807864233 ASK 100 1363277
1781789257808177891 BID 93 1851863
1781789257809397799 ASK 101 1163853
1781789257810056114 BID 92 901536
1781789257810584455 ASK 101 845170
1781789257810996894 BID 92 1056000
1781789257811558597 ASK 102 900459
1781789257812092348 BID 91 437731
1781789257812475257 ASK 102 135574
1781789257812565857 BID 91 635142
1781789257812621321 ASK 103 991379
1781789257813323537 BID 90 749706
1781789257813840447 ASK 103 10765506
1781789257824522327 BID 90 1325135
1781789257824629267 ASK 111 2053091
1781789257825894069 BID 89 7452027
1781789257833284841 ASK 111 389631
1781789257833360222 BID 89 1417808
1781789257833715920 ASK 103 2001902
1781789257834858591 BID 88 13424940
1781789257848233698 ASK 103 2022062
1781789257850117401 BID 88 1344577
1781789257850318698 ASK 97 2063856
1781789257851482226 BID 88 4280483
1781789257855636853 ASK 97 366528
1781789257855818283 BID 88 1143029
1781789257856129938 ASK 98 1761739
1781789257856997069 BID 89 1821386
1781789257857964544 ASK 98 14304333
1781789257872179490 BID 89 672882
1781789257872323620 ASK 103 1538135
1781789257872881797 BID 88 5672669
1781789257878393635 ASK 103 1934548
1781789257880224509 BID 88 341059
1781789257880388206 ASK 103 1164053
1781789257880683920 BID 90 41074778
1781789257921801769 BID 90 1142232
1781789257923003202 BID 96 243397
1781789257926535237 BID 96 170490
1781789257927056364 BID 95 676499
1781789257928025642 BID 95 575279
1781789257928854497 BID 94 1302282
1781789257930198899 BID 94 401784
1781789257930675813 BID 93 1276885
1781789257931978136 BID 93 619351
1781789257932838018 BID 92 285826
1781789257933709232 BID 92 614272
1781789257934593210 BID 91 801784
1781789257935603315 BID 91 650921
1781789257936309449 BID 90 768361
1781789257937217232 BID 90 1199429
1781789257938610595 BID 89 732634
1781789257941795308 BID 89 342102
1781789257942474442 BID 97 662493
1781789257947069691 ASK 103 2347803
1781789257949491212 ASK 104 1945108
1781789257951640664 ASK 104 1910924
1781789257952898292 BID 97 877586
1781789257953571064 ASK 108 1194681
1781789257953797950 BID 96 1368702
1781789257955348984 BID 96 1852509
1781789257956387256 ASK 108 1372324
1781789257957054077 BID 89 1322400
1781789257957793534 ASK 108 4346772
1781789257962111232 BID 89 3482381
1781789257965520086 ASK 108 512331
1781789257965698430 BID 105 1427427
1781789257966166568 ASK 109 9378690
1781789257975502709 BID 105 401063
1781789257975562911 ASK 109 1433308
1781789257975985714 BID 89 2913905
1781789257977093362 ASK 110 6670691
1781789257983636905 BID 89 1561288
1781789257984687125 ASK 110 1410676
1781789257985223701 BID 88 1299758
1781789257986185886 ASK 99 1796359
1781789257987512334 BID 88 12001904
1781789257999354850 ASK 99 647996
1781789257999572748 BID 86 1575039
1781789258000034444 ASK 100 3052666
1781789258002743206 BID 86 1270546
1781789258003111997 ASK 100 1771948
1781789258004120903 BID 92 1706731
1781789258004914943 ASK 99 41769411
1781789258006472484 BID 92 40272093
1781789258046712727 ASK 99 1092188
1781789258046760467 BID 86 2042911
1781789258047882631 ASK 100 1673779
1781789258050529867 BID 86 337393
1781789258051044862 BID 95 646162
1781789258054019572 ASK 100 2427252
1781789258055060123 ASK 103 8489703
1781789258063268980 BID 95 1199429
1781789258063862804 ASK 103 1509952
1781789258064541586 BID 94 1659282
1781789258065514050 ASK 101 1650085
1781789258066252275 BID 94 2379152
1781789258067414705 ASK 101 2496702
1781789258069042999 BID 98 1027236
1781789258069935583 ASK 109 40782279
1781789258110689449 BID 98 133861
1781789258110731047 ASK 109 111680
1781789258111690993 BID 106 366518
1781789258111835474 ASK 112 1125245
1781789258116792967 ASK 112 1253270
1781789258118157937 ASK 113 1789316
1781789258119986156 ASK 113 1904362
1781789258121918590 ASK 111 1824583
1781789258123799618 ASK 111 909767
1781789258124796228 ASK 112 859722
1781789258125687158 ASK 112 1952151
1781789258127729468 ASK 113 766238
1781789258128524800 ASK 113 902202
1781789258129481114 ASK 114 944261
1781789258130568914 ASK 114 1738581
1781789258132375793 ASK 112 1687966
1781789258134664456 ASK 112 1153815
1781789258135875207 ASK 109 755336
1781789258138371789 BID 106 317476
1781789258138830479 BID 105 924484
1781789258139941573 BID 105 783229
1781789258140909669 BID 104 1369448
1781789258142039638 ASK 109 1107217
1781789258143238076 ASK 110 640892
1781789258144082189 ASK 110 585618
1781789258144698565 ASK 111 1231430
1781789258145966704 ASK 111 1075317
1781789258147068420 ASK 112 602741
1781789258156500952 BID 104 1342569
1781789258157495898 ASK 112 1258560
1781789258157906528 BID 103 1756524
1781789258158825522 ASK 108 1715156
1781789258160563852 ASK 108 935715
1781789258161525776 ASK 106 865012
1781789258165243850 BID 103 361948
1781789258165788211 BID 102 838032
1781789258166777145 BID 102 749687
1781789258167550105 BID 101 926328
1781789258168667632 BID 101 926678
1781789258169840481 BID 100 1724043
1781789258171634125 BID 100 1549496
1781789258173212685 BID 99 1688788
1781789258174583627 ASK 106 1163342
1781789258175166440 BID 99 1383495
1781789258175880179 ASK 107 1406758
1781789258176575923 BID 98 1496076
1781789258177310241 ASK 107 1511655
1781789258178200440 BID 98 1355733
1781789258178915211 ASK 108 1543715
1781789258179581020 BID 97 1947081
1781789258180635788 ASK 108 1965076
1781789258181606649 BID 97 1911685
1781789258182680162 ASK 107 1717031
1781789258183541347 BID 96 1761074
1781789258196314344 BID 96 395592
1781789258196740844 BID 95 964319
1781789258209867664 BID 95 557095
1781789258210444707 BID 94 840657
1781789258211312724 BID 94 1899320
1781789258213247090 BID 93 1909762
1781789258216881968 ASK 107 1187570
1781789258218151952 ASK 103 929493
1781789258221908577 ASK 103 1194511
1781789258223128436 ASK 104 1912807
1781789258225068314 ASK 104 918152
1781789258226016813 ASK 105 907171
1781789258226954101 ASK 105 869290
1781789258227890196 ASK 106 962846
1781789258228922923 ASK 106 1831726
1781789258230779245 ASK 107 1156108
1781789258232061430 ASK 107 793538
1781789258232917405 ASK 108 1495805
1781789258256443966 BID 93 1351315
1781789258257827611 BID 102 1907352
1781789258259820223 BID 102 1063014
1781789258260949541 BID 101 935575
1781789258261916505 BID 101 1176667
1781789258263200804 BID 100 831058
1781789258264072709 BID 100 1814493
1781789258265935152 BID 99 1266485
1781789258267239438 BID 99 1980083
1781789258269261831 BID 98 1920813
1781789258271286438 BID 98 1852124
1781789258273221267 BID 102 1613426
1781789258274511036 ASK 108 1491037
1781789258275613524 BID 102 1465970
1781789258276096871 ASK 108 2207019
1781789258277265733 BID 101 2182052
1781789258302283635 ASK 108 539482
1781789258302433647 BID 101 1375570
1781789258302863503 ASK 109 2647405
1781789258303881362 BID 96 2513063
1781789258305593493 ASK 109 1753929
1781789258306476249 BID 96 1517316
1781789258307400432 ASK 108 1199179
1781789258308043528 BID 95 15389724
1781789258323332694 ASK 108 318468
1781789258323490499 BID 95 1215640
1781789258323765696 ASK 103 2367270
1781789258324753278 BID 98 8161567
1781789258332819576 ASK 103 1641629
1781789258332940093 BID 98 2938873
1781789258333931232 BID 92 2135586
1781789258334500369 ASK 105 17559841
1781789258351933231 BID 92 1627763
1781789258352106496 ASK 105 2512958
1781789258353661403 BID 102 1977122
1781789258354719241 ASK 106 2172114
1781789258356462982 BID 102 1583069
1781789258356925880 ASK 106 2275688
1781789258358104140 BID 101 2403698
1781789258359252303 ASK 107 2454944
1781789258360569273 BID 101 6338318
1781789258366783218 ASK 107 1691082
1781789258366971210 BID 98 2683433
1781789258368540373 ASK 108 6170524
1781789258374618283 BID 98 439224
1781789258374730594 ASK 108 1363998
1781789258375083135 BID 97 2102784
1781789258376122394 ASK 111 1955768
1781789258377223269 BID 97 2080261
1781789258378141681 ASK 111 2558369
1781789258379381967 BID 96 4221909
1781789258380755333 ASK 112 4334119
1781789258383774946 BID 96 42918917
1781789258385114730 ASK 112 41635941
1781789258426714482 BID 89 1674461
1781789258426766029 ASK 107 2748014
1781789258429540593 ASK 107 1222082
1781789258430788784 ASK 106 1140329
1781789258433886013 BID 89 454612
1781789258434399956 BID 90 2227619
1781789258436424084 ASK 106 1547993
1781789258438099205 ASK 106 2302528
1781789258440652744 ASK 106 2308510
1781789258443213287 ASK 97 2155402
1781789258445483645 ASK 97 2441299
1781789258447679243 ASK 107 9135544
1781789258456774251 BID 90 1444188
1781789258456829925 ASK 107 2357832
1781789258458724689 BID 96 1348148
1781789258459442365 ASK 100 4761310
1781789258464173458 BID 96 395442
1781789258464215136 ASK 100 1757707
1781789258464590811 BID 89 1658110
1781789258465527298 ASK 112 9161483
1781789258474253925 BID 89 7064831
1781789258481279291 ASK 112 1411177
1781789258481331289 BID 88 2418776
1781789258482718250 ASK 107 2297489
1781789258483830666 BID 88 4225977
1781789258487957357 ASK 107 1935038
1781789258488260104 BID 89 41450182
1781789258489288894 ASK 115 40682372
1781789258529742166 BID 89 1557336
1781789258529997154 ASK 115 2190584
1781789258531361508 BID 95 1860324
1781789258532227693 ASK 99 1964434
1781789258535751836 BID 95 1246435
1781789258537020963 BID 94 926908
1781789258540156674 BID 94 1178961
1781789258541362987 BID 93 869445
1781789258554359071 ASK 99 1235598
1781789258555651866 ASK 100 1984943
1781789258557435565 BID 93 1164952
1781789258557665523 ASK 100 1861234
1781789258558629672 BID 92 1930774
1781789258559548958 ASK 99 1934238
1781789258561113052 BID 86 1328101
1781789258566250838 ASK 99 1345754
1781789258567679588 ASK 100 2042501
1781789258569830081 ASK 100 2109897
1781789258572033714 ASK 99 918834
1781789258575566382 ASK 99 1409614
1781789258577023505 ASK 98 1750934
1781789258578884686 ASK 98 818585
1781789258579791156 ASK 99 1820074
1781789258581698804 ASK 99 1977393
1781789258582502586 BID 86 2069586
1781789258583733685 ASK 100 1704322
1781789258584609183 BID 96 1699478
1781789258585516274 ASK 100 1695510
1781789258587254254 ASK 101 1052313
1781789258592812048 ASK 101 388037
1781789258593264987 ASK 102 879359
1781789258602155852 BID 96 342793
1781789258602561383 BID 95 932809
1781789258603543976 BID 95 964685
1781789258604534199 BID 94 968977
1781789258605561095 BID 94 967043
1781789258606594653 BID 93 1185708
1781789258607848259 BID 93 1675342
1781789258609578324 BID 92 1090926
1781789258610697252 BID 92 1845622
1781789258612569263 BID 91 901721
1781789258639299277 BID 91 2543656
1781789258641813387 ASK 102 1586457
1781789258641854475 BID 99 2877642
1781789258643434318 ASK 103 2563202
1781789258644807819 BID 99 2419699
1781789258646182827 ASK 103 2249449
1781789258647247665 BID 98 2174999
1781789258648458205 ASK 104 2087154
1781789258649462739 BID 98 2110708
1781789258650568804 ASK 104 2132320
1781789258651596491 BID 97 2246664
1781789258652752539 ASK 105 2487967
1781789258653866359 BID 97 2499397
1781789258655286462 ASK 105 2193083
1781789258656402726 BID 96 2224383
1781789258657501526 ASK 106 4051750
1781789258661522628 BID 96 1633328
1781789258661564697 ASK 106 2766389
1781789258663196633 BID 96 2292515
1781789258664358988 ASK 107 13626658
1781789258677861813 BID 96 838984
1781789258678042853 ASK 107 3086178
1781789258678738508 BID 88 3661388
1781789258681167674 ASK 108 2811437
1781789258683564168 BID 88 5064950
1781789258688555169 ASK 108 2349617
1781789258688684422 BID 90 3658511
1781789258690928400 ASK 109 2674887
1781789258692380354 BID 90 4352162
1781789258696436641 ASK 109 710132
1781789258696752353 BID 86 1666596
1781789258697209030 ASK 106 23194108
1781789258720365587 BID 86 1670754
1781789258720425299 ASK 106 2713023
1781789258722063261 BID 86 2696331
1781789258723238540 ASK 109 14612166
1781789258737794441 BID 86 2405441
1781789258737898626 ASK 109 3240488
1781789258740341588 BID 85 2107863
1781789258741194949 ASK 97 2319600
1781789258742472855 BID 85 8870727
1781789258751080309 ASK 97 1365130
1781789258751522398 BID 83 2063650
1781789258752462782 ASK 98 11382576
1781789258763797408 BID 83 2788873
1781789258766477356 ASK 98 170951
1781789258766616517 BID 91 781622
1781789258766828836 ASK 99 23736725
1781789258790533560 BID 91 570390
1781789258790577613 ASK 99 1885226
1781789258791171727 BID 99 1399986
1781789258792029076 ASK 108 8007959
1781789258800003081 BID 99 12602139
1781789258812455449 ASK 108 1531863
1781789258812700328 BID 103 2720523
1781789258814055220 ASK 109 1810225
1781789258815663796 BID 103 3781550
1781789258819369474 ASK 109 1797110
1781789258819472116 BID 102 2848868
1781789258821191541 ASK 105 5328737
1781789258826407397 BID 102 41423149
1781789258826685759 ASK 105 41205651
1781789258867865251 BID 101 1648386
1781789258867936755 ASK 109 2430884
1781789258873950156 BID 101 1303695
1781789258875341686 BID 100 1851151
1781789258876907873 ASK 109 1226340
1781789258877216302 BID 100 1894132
1781789258878160663 ASK 106 1880176
1781789258879155048 BID 99 1891808
1781789258880581443 ASK 106 2283283
1781789258881074217 BID 99 2721003
1781789258882913888 ASK 109 975960
1781789258883826499 BID 95 23813191
1781789258907575389 ASK 109 548509
1781789258907656802 BID 95 1775109
1781789258908189982 ASK 105 2581051
1781789258909456467 BID 102 9976833
1781789258919384959 ASK 105 26601936
1781789258945940468 BID 102 1656497
1781789258946002163 ASK 109 3182642
1781789258947703033 BID 101 2661805
1781789258949284502 ASK 109 2630060
1781789258950458163 BID 101 2401702
1781789258951953495 ASK 107 2027201
1781789258952915530 BID 100 12534329
1781789258965282745 ASK 107 606107
1781789258965521694 BID 100 1544918
1781789258965957611 ASK 108 3302291
1781789258967094443 BID 99 3244774
1781789258969281693 ASK 108 18248857
1781789258987498861 BID 99 1996484
1781789258987541962 ASK 109 3132489
1781789258989522216 BID 102 3550874
1781789258992924561 ASK 109 40847939
1781789258993217721 BID 102 40680054
1781789259033793429 ASK 107 2655621
1781789259034698987 BID 96 3112708
1781789259036471001 ASK 107 2825870
1781789259038913182 BID 96 1592347
1781789259039319003 ASK 106 2566934
1781789259040549160 BID 95 2472289
1781789259041928457 ASK 106 2150493
1781789259044173237 ASK 107 1425814
1781789259045624228 ASK 107 1231124
1781789259046918801 ASK 108 2079550
1781789259049030992 ASK 108 2223455
1781789259051314660 ASK 107 2291699
1781789259060349060 BID 95 1737459
1781789259062226301 BID 101 2280787
1781789259065337446 ASK 107 511840
1781789259065927022 ASK 108 2361263
1781789259067961938 BID 101 1614679
1781789259068408771 ASK 108 2339694
1781789259069725296 BID 100 2613551
1781789259070790874 ASK 109 2827533
1781789259072455797 BID 100 2444705
1781789259075002553 BID 99 2090872
1781789259077121768 BID 99 3375241
1781789259080364330 ASK 109 1690040
1781789259080758840 BID 95 2420690
1781789259082196045 ASK 108 11285216
1781789259093198300 BID 95 1979192
1781789259093726501 ASK 108 2742153
1781789259095291777 BID 94 2629993
1781789259096556639 ASK 109 2600227
1781789259098025334 BID 94 2220234
1781789259099305184 ASK 109 2050787
1781789259100331369 BID 95 2490341
1781789259101439217 ASK 110 2731553
1781789259102852768 BID 95 2426211
1781789259104895049 ASK 110 1646082
1781789259105415525 BID 94 2410400
1781789259106605231 ASK 108 2666161
1781789259107849109 BID 94 32566420
1781789259140150041 ASK 108 2175821
1781789259140469039 BID 101 3237623
1781789259142444625 ASK 110 5823282
1781789259148073041 BID 101 1857684
1781789259149506640 ASK 110 1661953
1781789259150052203 BID 100 2151105
1781789259151188250 ASK 111 3898415
1781789259155049816 BID 100 12705681
1781789259167721563 ASK 111 1532975
1781789259167772399 BID 100 2676520
1781789259169315413 ASK 106 6487998
1781789259175587286 BID 100 491552
1781789259175852493 ASK 106 1304116
1781789259176220263 BID 99 1046362
1781789259176691487 ASK 108 13966825
1781789259190527527 BID 99 1654964
1781789259190748602 ASK 108 2468189
1781789259192290795 BID 98 2468370
1781789259193306760 ASK 109 2478368
1781789259194873489 BID 98 2078148
1781789259195810406 ASK 109 2204445
1781789259197008262 BID 97 2127440
1781789259198068691 ASK 105 1998148
1781789259199201195 BID 97 19437111
1781789259218548738 ASK 105 1234595
1781789259218696024 BID 95 2116374
1781789259219847975 ASK 106 1986000
1781789259221495650 BID 95 6228672
1781789259227602103 ASK 106 1443738
1781789259227739791 BID 91 2294404
1781789259229069144 ASK 107 4468511
1781789259233493362 BID 91 1249012
1781789259233553795 ASK 107 2157677
1781789259234852932 BID 98 1901206
1781789259235765413 ASK 109 34303694
1781789259269977726 BID 98 397856
1781789259270108641 ASK 109 2143285
1781789259270482984 BID 97 1827111
1781789259271172757 ASK 112 2971969
1781789259272329973 BID 97 8184931
1781789259280484507 ASK 112 1316128
1781789259280526686 BID 104 2201268
1781789259281839609 ASK 113 24545255
1781789259306282642 BID 104 506140
1781789259306451569 ASK 113 1248763
1781789259306884211 BID 103 1693666
1781789259307813464 ASK 107 2810280
1781789259308678566 BID 103 2857800
1781789259310730084 ASK 107 1699387
1781789259311603512 BID 102 1742639
1781789259312501707 ASK 108 1673428
1781789259313433745 BID 102 1379087
1781789259314274231 ASK 108 1194350
1781789259314897030 BID 101 1107958
1781789259315566114 ASK 109 633939
1781789259316020497 BID 101 4893328
1781789259320820359 ASK 109 1511384
1781789259320995277 BID 99 2374663
1781789259322386045 ASK 110 5089376
1781789259327378780 BID 99 1468023
1781789259327493214 ASK 110 2346050
1781789259328876449 BID 99 1998067
1781789259329868770 ASK 111 1935169
1781789259330943515 BID 99 1907999
1781789259331876275 ASK 111 2014999
1781789259332932907 BID 100 2056336
1781789259333971825 ASK 109 2089960
1781789259335053474 BID 100 7299440
1781789259342233230 ASK 109 294612
1781789259342384955 BID 99 1245557
1781789259342674528 ASK 107 7183042
1781789259349775115 BID 99 232927
1781789259349892115 ASK 107 1270182
1781789259350065650 BID 98 2429557
1781789259351258898 ASK 109 3886900
1781789259352589604 BID 98 5508581
1781789259357951029 ASK 109 300504
1781789259358130075 BID 96 1217644
1781789259358353685 ASK 110 4744670
1781789259362996333 BID 96 414974
1781789259363151423 ASK 110 1470112
1781789259363496786 BID 97 3049154
1781789259364721443 ASK 111 5657285
1781789259370271227 BID 97 532148
1781789259370426789 ASK 111 1325425
1781789259370836517 BID 103 2945068
1781789259371852783 ASK 110 24284306
1781789259396034918 BID 103 1948354
1781789259396216739 ASK 110 3028310
1781789259398054195 BID 106 2333963
1781789259399307466 ASK 110 7062797
1781789259406290182 BID 106 3626192
1781789259409843437 ASK 110 1500945
1781789259409940880 BID 103 2608263
1781789259411404394 ASK 111 42284442
1781789259453721348 ASK 111 155252
1781789259457299258 ASK 115 1473373
1781789259458277117 BID 103 1538591
1781789259459872634 BID 104 1136244
1781789259461038494 BID 104 2075590
1781789259463138410 BID 103 2169098
1781789259469461033 BID 103 1555766
1781789259471041716 BID 108 1251246
1781789259474257137 ASK 115 1551260
1781789259475314640 BID 108 1727893
1781789259475912772 ASK 114 2463682
1781789259477065045 BID 107 2418175
1781789259479513788 BID 107 2493456
1781789259481586610 BID 100 3321104
1781789259484870575 ASK 114 5328562
1781789259490160524 BID 100 465631
1781789259490215387 ASK 115 1651144
1781789259490730490 BID 108 13723863
1781789259504416452 ASK 115 1729892
1781789259504475533 BID 108 2779894
1781789259505706561 BID 100 2835486
1781789259506177132 ASK 109 3916646
1781789259509542925 BID 100 20782393
1781789259530285052 ASK 109 1578959
1781789259530341608 BID 97 2577900
1781789259531892425 ASK 107 2239793
1781789259533643190 BID 97 3460228
1781789259537067481 ASK 107 1906002
1781789259537129287 BID 95 2971881
1781789259538998780 ASK 102 5389910
1781789259544291558 BID 95 596659
1781789259544408006 ASK 102 1668359
1781789259544970291 BID 94 2227948
1781789259546102905 ASK 103 2260830
1781789259547225170 BID 94 3267188
1781789259548387079 ASK 103 3406201
1781789259550513748 BID 93 2414398
1781789259551822665 ASK 104 2528274
1781789259552955327 BID 93 2694624
1781789259554374433 ASK 104 2450184
1781789259555673636 BID 92 2639089
1781789259556880341 ASK 105 2575851
1781789259558335789 BID 92 2236607
1781789259559489304 ASK 105 2351999
1781789259560626507 BID 91 2454193
1781789259561935139 ASK 106 9400351
1781789259571299212 BID 91 637656
1781789259571347723 ASK 106 1861311
1781789259572019002 BID 93 2452304
1781789259573268366 ASK 107 17547974
1781789259590618499 BID 93 645222
1781789259590903874 ASK 107 1696850
1781789259591289710 BID 97 2661902
1781789259592683850 ASK 108 8569775
1781789259601105027 BID 97 699604
1781789259601354254 ASK 108 1657030
1781789259601885944 BID 96 3414484
1781789259603038916 ASK 101 3454474
1781789259605327518 BID 96 10335876
1781789259615537368 ASK 101 1910078
1781789259615688181 BID 93 2989042
1781789259617470800 ASK 98 17816801
1781789259635170331 BID 93 2009033
1781789259635306687 ASK 98 3201793
1781789259636677896 ASK 99 3163914
1781789259637204111 BID 92 5258424
1781789259639866156 ASK 99 3908178
1781789259642141601 ASK 102 42544204
1781789259642489496 BID 92 42269356
1781789259684722203 ASK 102 1370977
1781789259684769322 BID 91 3599801
1781789259686169032 ASK 97 3370927
1781789259701103110 BID 91 1349793
1781789259702489823 BID 93 1127875
1781789259704405916 ASK 97 1372815
1781789259705803868 ASK 97 1055099
1781789259709558190 BID 93 382697
1781789259709998686 BID 92 1039920
1781789259711065026 BID 92 1211337
1781789259712337017 BID 91 1880702
1781789259714290255 BID 91 2043803
1781789259716000613 ASK 97 1345453
1781789259716359436 BID 90 1934248
1781789259717370602 ASK 98 2034526
1781789259719112089 BID 90 1245265
1781789259719518842 ASK 98 1911240
1781789259720379816 BID 96 2119791
1781789259721572438 ASK 99 1916549
1781789259723529523 ASK 99 1878594
1781789259725452941 ASK 100 1871329
1781789259727343146 ASK 100 2134373
1781789259729500423 ASK 101 1929529
1781789259730381595 BID 96 2020950
1781789259731511595 ASK 101 2017714
1781789259732427061 BID 95 2176954
1781789259733592928 ASK 100 1951690
1781789259734703742 BID 95 1942823
1781789259736744068 BID 94 1627783
1781789259738396287 BID 94 1068714
1781789259739552946 BID 96 1786311
1781789259759766428 ASK 100 167084
1781789259759964329 ASK 101 924915
1781789259760984623 ASK 101 918653
1781789259761983817 ASK 102 1806579
1781789259763819830 ASK 102 1319134
1781789259765206511 ASK 103 1655825
1781789259766981630 ASK 103 838232
1781789259767904491 ASK 104 878708
1781789259768862999 ASK 104 1011227
1781789259769962942 ASK 105 1374628
1781789259771363118 ASK 105 825057
1781789259772275930 ASK 106 775505
1781789259778462413 ASK 106 1376487
1781789259779476530 BID 96 1332404
1781789259779882983 ASK 103 1902362
1781789259780836075 BID 95 1853246
1781789259782714659 BID 95 1773932
1781789259784510802 BID 94 901396
1781789259785083977 ASK 103 1223134
1781789259785441463 BID 94 1699973
1781789259786344672 ASK 104 1747452
1781789259787175019 BID 93 1776627
1781789259788124966 ASK 104 1697444
1781789259789847156 ASK 105 914616
1781789259790787360 ASK 105 1698515
1781789259792507616 ASK 106 940323
1781789259795082886 ASK 106 1251828
1781789259796411418 ASK 107 1727109
1781789259811191679 ASK 107 1160146
1781789259812377914 ASK 97 1804194
1781789259815974108 BID 93 1241339
1781789259817315104 BID 92 822683
1781789259818179365 BID 92 938941
1781789259819146809 BID 91 1064296
1781789259834853248 BID 91 1135409
1781789259835653248 ASK 97 1235156
1781789259836015347 BID 90 1540619
1781789259836924071 ASK 98 1306822
1781789259838384140 ASK 98 1623645
1781789259840045456 ASK 99 2071996
1781789259842143241 ASK 99 1155197
1781789259843359872 ASK 100 921198
1781789259844382501 ASK 100 865994
1781789259845284332 ASK 101 869080
1781789259846183188 ASK 101 918663
1781789259847127539 ASK 102 864681
1781789259848125821 ASK 102 1897734
1781789259849645281 ASK 108 1941227
1781789259851549589 BID 90 3874321
1781789259855360620 ASK 108 1321219
1781789259855439599 BID 96 2022132
1781789259856730059 ASK 109 6028847
1781789259862711027 BID 96 358733
1781789259862780928 ASK 109 1270643
1781789259863191027 BID 95 2502163
1781789259864120290 ASK 105 9028473
1781789259873100212 BID 95 1366122
1781789259873168320 ASK 105 2348980
1781789259874492924 BID 96 2229522
1781789259875539362 ASK 106 2093602
1781789259876750318 BID 96 43037126
1781789259877684070 ASK 106 42583957
1781789259919990255 BID 90 1152942
1781789259920406215 ASK 105 1063164
1781789259929205278 BID 90 1355194
1781789259930905209 BID 91 1602996
1781789259932580401 BID 91 856033
1781789259933589601 BID 90 786586
1781789259939472094 BID 90 1015374
1781789259939520936 ASK 105 1618265
1781789259940619426 BID 98 1115472
1781789259941281909 ASK 106 634631
1781789259941964208 ASK 106 411332
1781789259942519470 ASK 107 416181
1781789259948804304 BID 98 1664246
1781789259950522051 BID 103 2370684
1781789259952459570 ASK 107 1477426
1781789259952916991 BID 103 1991605
1781789259954021775 ASK 109 1912958
1781789259954933523 BID 102 17120092
1781789259972020383 ASK 109 676499
1781789259972071388 BID 102 1371382
1781789259972863123 ASK 103 802576
1781789259973234059 BID 92 40035769
1781789260013101553 ASK 103 1365230
1781789260013385175 BID 92 2188380
1781789260014547324 ASK 104 1895952
1781789260015746960 BID 91 1465969
1781789260016473202 ASK 104 2184848
1781789260018624216 BID 91 399850
1781789260018699477 ASK 110 1428740
1781789260019146115 BID 93 4567857
1781789260023668818 ASK 110 128761
1781789260023726446 BID 93 1105604
1781789260024195776 ASK 96 2856979
1781789260025008290 BID 92 10180526
1781789260034832047 ASK 96 1675202
1781789260035218372 BID 92 1310297
1781789260036461984 ASK 97 1665093
1781789260036596977 BID 91 9782929
1781789260046189759 ASK 97 531788
1781789260046458253 BID 91 1148704
1781789260046757193 ASK 98 1702243
1781789260047746358 BID 90 8830465
1781789260056532420 ASK 98 2270995
1781789260056742794 BID 90 3883243
1781789260058977480 ASK 99 2780931
1781789260060798230 BID 89 2294584
1781789260061881642 ASK 99 1966198
1781789260063119394 BID 89 1777934
1781789260063939522 ASK 100 1981677
1781789260064996224 BID 96 1760572
1781789260066015826 ASK 100 1489143
1781789260066868225 BID 96 1365661
1781789260067521550 ASK 101 1454739
1781789260068426558 BID 95 1034430
1781789260069048484 ASK 101 1117616
1781789260069481566 BID 95 928181
1781789260070182190 ASK 108 635552
1781789260070616024 BID 94 40098557
1781789260110747392 BID 94 476644
