1781789208261710905 BID 98 140283
1781789208261766880 ASK 102 128767691
1781789209676022351 BID 98 237365
1781789209676354273 BID 97 215575
1781789209955055944 BID 97 81453
1781789209955155300 BID 98 639349
1781789210011006262 ASK 102 131998
1781789210011159439 ASK 103 264466
1781789210034404836 BID 98 84078
1781789210034503952 BID 97 366758
1781789210035188466 BID 97 148238
1781789210035415532 BID 96 67246
1781789210120314584 ASK 103 75571
1781789210120448435 ASK 101 213311
1781789210150973576 ASK 101 136966
1781789210151135149 ASK 102 144420
1781789210151374648 ASK 102 145272
1781789210151542462 ASK 103 130786
1781789210221077115 BID 96 104879
1781789210221391226 BID 97 327264
1781789210234567610 BID 97 131467
1781789210234875387 BID 96 127078
1781789210488773995 ASK 103 84939
1781789210489059320 ASK 104 437390
1781789210544183799 BID 96 384932
1781789210544589389 BID 100 211968
1781789210594253883 BID 100 279129
1781789210594564551 BID 96 443552
1781789210815892342 BID 96 339046
1781789210815939150 ASK 104 406442
1781789210816257286 BID 95 424687
1781789210816371180 ASK 105 352692
1781789210892684295 ASK 105 141249
1781789210892904322 ASK 104 408646
1781789210978204696 ASK 104 283752
1781789210978507303 ASK 105 269095
1781789211069090927 BID 95 229471
1781789211069358279 BID 97 381415
1781789211160610146 ASK 105 169698
1781789211160813507 ASK 100 251800
1781789211164114058 BID 97 264937
1781789211164337067 ASK 100 79610
1781789211164398702 BID 96 316644
1781789211164429760 ASK 101 515878
1781789211164870557 BID 96 285696
1781789211164964924 ASK 101 482915
1781789211165169828 BID 95 638367
1781789211165462617 ASK 102 613325
1781789211166092503 ASK 102 140855
1781789211166360747 ASK 103 175584
1781789211166574863 ASK 103 334726
1781789211166943843 ASK 104 243126
1781789211167284672 ASK 104 171432
1781789211167477243 ASK 105 279722
1781789211168449587 BID 95 100849
1781789211168587045 BID 98 321771
1781789211230180704 BID 98 83617
1781789211230382963 BID 99 437260
1781789211315450737 BID 99 880841
1781789211316361024 BID 98 88866
1781789211316509803 BID 98 220633
1781789211316760142 BID 97 288862
1781789211317085743 BID 97 279334
1781789211317376258 BID 96 298610
1781789211317734259 BID 96 207730
1781789211317998655 BID 95 352041
1781789211704902191 BID 95 273222
1781789211705202534 BID 94 376727
1781789211728286419 BID 94 120997
1781789211728491163 BID 95 77756
1781789211783829884 BID 95 104516
1781789211784020341 BID 101 246933
1781789211791042669 ASK 105 109536
1781789211791229029 ASK 106 171191
1781789211836782374 BID 101 342252
1781789211837148160 BID 100 85179
1781789211837248257 BID 100 335109
1781789211837606610 BID 99 477991
1781789211838108186 BID 99 268683
1781789211838396286 BID 98 337022
1781789211838747224 BID 98 327935
1781789211839104704 BID 97 288141
1781789211839430796 BID 97 290525
1781789211839733253 BID 96 371246
1781789211840132161 BID 96 293341
1781789211840450368 BID 95 361077
1781789211864096758 BID 95 109516
1781789211864245768 BID 94 208771
1781789211957096964 ASK 106 107161
1781789211957375136 ASK 104 96190
1781789212021325357 ASK 104 220764
1781789212021579123 ASK 106 391454
1781789212031717558 ASK 106 307346
1781789212032068065 ASK 105 92544
1781789212093524080 ASK 105 349365
1781789212093893823 ASK 98 79900
1781789212104071933 ASK 98 43669554
1781789212147797923 ASK 106 226064
1781789212160890908 ASK 106 110337
1781789212161121580 ASK 101 243446
1781789212272303070 ASK 101 147537
1781789212272466026 ASK 102 255008
1781789212272503075 BID 94 331492
1781789212272809901 ASK 102 669165
1781789212273070750 BID 93 694693
1781789212273545801 ASK 103 278863
1781789212273784108 BID 93 133571
1781789212273858046 ASK 103 311244
1781789212273949448 BID 92 432331
1781789212274187254 ASK 104 411286
1781789212274611635 ASK 104 198301
1781789212274827209 ASK 105 242985
1781789212275088980 ASK 105 205816
1781789212275310796 ASK 106 247514
1781789212422912174 BID 92 126878
1781789212423271248 BID 91 99817
1781789212423390071 BID 91 209312
1781789212423829665 BID 90 293390
1781789212424137442 BID 90 226705
1781789212424492959 BID 89 126437
1781789212474577245 BID 89 310142
1781789212474975732 BID 88 75642
1781789212475065851 BID 88 250290
1781789212475433040 BID 87 67076
1781789212475513280 BID 87 209994
1781789212475830966 BID 86 77586
1781789212476045278 BID 86 243878
1781789212476303392 BID 85 101471
1781789212490654266 BID 85 493055
1781789212491300247 BID 101 505278
1781789212552106205 BID 101 228348
1781789212552357256 BID 100 150552
1781789212552530020 BID 100 177884
1781789212552726578 BID 99 195196
1781789212553001945 BID 99 77665
1781789212553250140 BID 98 64581
1781789212553327355 BID 98 142046
1781789212553480452 BID 97 171041
1781789212553684675 BID 97 162565
1781789212553858491 BID 96 247996
1781789212554125132 BID 96 47749
1781789212554187869 BID 95 328687
1781789212554527646 BID 95 85110
1781789212554790790 BID 93 115466
1781789212565942215 BID 93 109135
1781789212566087988 BID 94 175980
1781789212655974184 BID 94 111940
1781789212656128423 BID 93 264366
1781789212702894615 ASK 106 122260
1781789212703041130 ASK 102 194144
1781789212726114365 BID 93 713257
1781789212726856006 BID 92 368180
1781789212727259051 BID 92 296216
1781789212727575766 BID 91 303649
1781789212727899703 BID 91 381235
1781789212728307067 BID 90 292074
1781789212728623877 BID 90 307411
1781789212728946657 BID 89 318688
1781789212729342369 BID 89 218319
1781789212729605623 BID 88 374382
1781789212730009811 BID 88 318317
1781789212730352564 BID 87 342442
1781789212730743207 BID 87 395541
1781789212731151663 BID 86 282840
1781789212731449431 BID 86 325801
1781789212731803155 BID 85 279945
1781789212766412837 ASK 102 92313
1781789212766529486 ASK 100 310112
1781789212787905518 ASK 100 106239
1781789212788041022 ASK 101 118783
1781789212788180183 ASK 101 259216
1781789212788513428 ASK 102 534052
1781789212789115718 ASK 102 157796
1781789212789238067 BID 85 91993
1781789212789301486 ASK 103 176541
1781789212789344397 BID 84 529514
1781789212789501271 ASK 103 533410
1781789212789962516 BID 84 254607
1781789212790063545 ASK 104 369904
1781789212790352898 BID 83 489658
1781789212790451202 ASK 104 678793
1781789212790869848 BID 83 357720
1781789212791156345 ASK 105 369673
1781789212791253006 BID 82 383760
1781789212791557046 ASK 105 259407
1781789212791864653 ASK 106 94608
1781789212827961064 BID 82 260268
1781789212828240619 BID 81 134562
1781789212838657828 ASK 106 93886
1781789212838773916 ASK 107 197119
1781789212839009257 ASK 107 111539
1781789212839191889 ASK 108 129673
1781789212839337683 ASK 108 470201
1781789212839831819 ASK 111 122250
1781789212906986240 BID 81 129293
1781789212907149917 BID 94 167534
1781789212914565270 ASK 111 378495
1781789212915123352 ASK 110 166953
1781789212932080867 ASK 110 104977
1781789212932209959 ASK 106 128812
1781789212954528508 BID 94 262342
1781789212954816418 BID 80 202029
1781789212973935323 ASK 106 305974
1781789212974282985 ASK 107 174161
1781789212974746058 ASK 107 96351
1781789212975017126 ASK 108 439173
1781789212975549965 ASK 108 351059
1781789212975983849 ASK 110 83106
1781789212986031203 BID 80 162940
1781789212986228077 BID 84 227807
1781789213028360382 ASK 110 120438
1781789213028505567 ASK 111 272761
1781789213038252736 BID 84 120758
1781789213038464786 BID 102 134692
1781789213073927328 ASK 111 336301
1781789213074299576 ASK 119 173846
1781789213080799006 ASK 119 128101
1781789213080999081 ASK 120 130404
1781789213169922782 BID 102 121648
1781789213170075949 BID 103 230252
1781789213184879784 ASK 120 155852
1781789213185071093 ASK 119 83376
1781789213238187035 ASK 119 118763
1781789213238327008 ASK 119 422532
1781789213311113432 BID 103 159950
1781789213311409518 BID 94 113052
1781789213311621144 BID 94 257764
1781789213311943589 BID 93 57718
1781789213312186665 BID 93 109615
1781789213312449909 BID 92 331697
1781789213312800201 BID 92 117240
1781789213312928752 BID 91 332328
1781789213313322535 BID 91 118162
1781789213313679926 BID 90 217197
1781789213313951024 BID 90 91177
1781789213314069302 BID 89 164098
1781789213314254629 BID 89 176141
1781789213314458792 BID 88 238888
1781789213314709473 BID 88 169888
1781789213314931128 BID 87 144471
1781789213315099244 BID 87 182843
1781789213315293368 BID 86 166392
1781789213315482903 BID 86 142116
1781789213315636180 BID 85 210686
1781789213315950911 BID 85 66875
1781789213316028617 BID 84 271520
1781789213316312038 BID 84 81633
1781789213316605579 BID 81 147771
1781789213374078704 BID 81 179669
1781789213374292487 BID 80 216145
1781789213374698949 BID 80 123873
1781789213374874028 BID 79 124202
1781789213375155542 BID 79 625448
1781789213375620167 ASK 119 254247
1781789213375804503 BID 106 230352
1781789213376007444 ASK 120 417383
1781789213376454172 ASK 120 126181
1781789213376599389 ASK 121 253736
1781789213376877711 ASK 121 154870
1781789213377057238 ASK 122 176732
1781789213377341350 ASK 122 108013
1781789213377469781 ASK 123 324158
1781789213377869651 ASK 123 246958
1781789213378146876 ASK 124 69390
1781789213378234491 ASK 124 225764
1781789213378485592 ASK 125 251031
1781789213414411303 ASK 125 234681
1781789213414773522 ASK 126 117410
1781789213415119235 ASK 126 96083
1781789213415247769 ASK 127 80551
1781789213415444478 ASK 127 225653
1781789213415751544 ASK 128 632516
1781789213455511063 BID 106 380273
1781789213455698465 ASK 128 597250
1781789213456023424 BID 105 799389
1781789213456707447 ASK 135 281939
1781789213456898185 BID 105 41059621
1781789213498025092 BID 104 133020
1781789213498410014 BID 104 172276
1781789213498452384 ASK 135 361761
1781789213498617756 BID 103 444153
1781789213498825957 ASK 117 413665
1781789213499219605 BID 103 240942
1781789213499478992 BID 102 206428
1781789213499844096 BID 102 138386
1781789213500009402 BID 101 149110
1781789213500339682 BID 101 130258
1781789213500496650 BID 100 110618
1781789213500801272 BID 100 98064
1781789213500927458 BID 99 190628
1781789213501356062 BID 99 157065
1781789213501546990 BID 98 234139
1781789213501935689 BID 98 165741
1781789213502122510 BID 97 155571
1781789213502607309 BID 97 138520
1781789213502783349 BID 96 305032
1781789213503310407 BID 96 110057
1781789213503484384 BID 95 295063
1781789213503982987 BID 95 207296
1781789213504219899 BID 94 371511
1781789213504840978 BID 94 145879
1781789213505012926 BID 93 369798
1781789213505746041 BID 93 86282
1781789213505859775 BID 92 327239
1781789213506343802 BID 92 118276
1781789213506562366 BID 91 147236
1781789213506950104 BID 91 142567
1781789213507154116 BID 90 333496
1781789213507810277 BID 90 91843
1781789213507926786 BID 89 167845
1781789213508422155 BID 89 111958
1781789213508568457 BID 88 241062
1781789213509039017 BID 88 79409
1781789213509141379 BID 87 240320
1781789213509584395 BID 87 150322
1781789213509772678 BID 86 217043
1781789213510232726 BID 86 88947
1781789213510380614 BID 85 87985
1781789213510739820 BID 85 75679
1781789213510839914 BID 84 175374
1781789213511208035 BID 84 135835
1781789213511380249 BID 83 143910
1781789213511691252 BID 83 142506
1781789213511895965 BID 82 151384
1781789213512320907 BID 82 105147
1781789213512448456 BID 81 255189
1781789213512987126 BID 81 140925
1781789213513162465 BID 80 231224
1781789213513539342 BID 80 145694
1781789213513712127 BID 79 293892
1781789213514212936 BID 79 142743
1781789213514455927 BID 78 200206
1781789213514934048 BID 78 121448
1781789213515151977 BID 77 167013
1781789213515504438 BID 77 94246
1781789213515652806 BID 76 225974
1781789213516097911 BID 76 119685
1781789213516240449 BID 75 185168
1781789213516686245 BID 75 572242
1781789213517289135 BID 74 134612
1781789213517697910 BID 74 95521
1781789213517814160 BID 73 351940
1781789213518230621 BID 73 114785
1781789213518494235 BID 72 91161
1781789213518760085 BID 72 108574
1781789213519035681 BID 71 72827
1781789213519295328 BID 71 113172
1781789213519529567 BID 70 104747
1781789213519825793 BID 70 95114
1781789213519957105 BID 69 215784
1781789213520344081 BID 69 87003
1781789213520454097 BID 68 303058
1781789213520910824 BID 68 92237
1781789213521034570 BID 67 220319
1781789213521434668 BID 67 122537
1781789213521580239 BID 66 140112
1781789213521833704 BID 66 149781
1781789213522024702 BID 65 149080
1781789213522378486 BID 65 96908
1781789213522497955 BID 64 310011
1781789213522984638 BID 64 103544
1781789213523111987 BID 63 236213
1781789213523538787 BID 63 184581
1781789213523756310 BID 62 268784
1781789213524224197 BID 62 80156
1781789213524323028 BID 61 168926
1781789213524767141 BID 61 81833
1781789213524875414 BID 60 173255
1781789213525318826 BID 60 130334
1781789213525525273 BID 59 88876
1781789213525853288 BID 59 92854
1781789213525990655 BID 58 323597
1781789213526678245 BID 58 228258
1781789213526935137 BID 57 275266
1781789213527523230 BID 57 110477
1781789213527704400 BID 56 329398
1781789213528298063 BID 56 77085
1781789213528398973 BID 55 187060
1781789213528903108 BID 55 192862
1781789213529154550 BID 54 146885
1781789213529510928 BID 54 110778
1781789213529758212 BID 53 135734
1781789213530100063 BID 53 91171
1781789213530364589 BID 52 120135
1781789213530835041 BID 52 162475
1781789213531029386 BID 51 175900
1781789213531371808 BID 51 159439
1781789213531604555 BID 50 103565
1781789213532112437 BID 50 140824
1781789213532290541 BID 49 413646
1781789213532820736 BID 49 101570
1781789213560836600 BID 80 125726
1781789213593819792 ASK 117 368602
1781789213594209152 ASK 109 232796
1781789213617177711 ASK 109 760785
1781789213617958794 ASK 110 283892
1781789213618272332 ASK 110 263454
1781789213618559441 ASK 99 212668
1781789213639141344 BID 80 103955
1781789213639177673 ASK 99 286608
1781789213639435977 BID 79 317976
1781789213639478076 ASK 90 940354
1781789213640119549 BID 79 345779
1781789213640545849 BID 78 246292
1781789213640902808 BID 78 286909
1781789213641216337 BID 77 95740
1781789213641477281 BID 77 170249
1781789213641672908 BID 76 182161
1781789213642054313 BID 76 60634
1781789213642205467 BID 75 132498
1781789213642660616 BID 75 296155
1781789213642983391 BID 74 103083
1781789213643289104 BID 74 182583
1781789213643525938 BID 73 213170
1781789213643828997 BID 73 123020
1781789213643970362 BID 72 337082
1781789213644481811 BID 72 144381
1781789213644643084 BID 71 377608
1781789213645036091 BID 71 92714
1781789213697933077 BID 84 198332
1781789213737109599 ASK 90 149420
1781789213737309444 ASK 91 499312
1781789213737854582 ASK 91 277861
1781789213738226319 ASK 92 249470
1781789213738495677 ASK 92 388831
1781789213738908523 ASK 93 399048
1781789213739332749 ASK 93 405691
1781789213739815965 ASK 94 345145
1781789213740195104 ASK 94 406650
1781789213740625469 ASK 95 441252
1781789213741094453 ASK 95 329929
1781789213741484845 ASK 96 298009
1781789213741801048 ASK 96 315487
1781789213742131543 ASK 97 346069
1781789213742490416 ASK 97 234019
1781789213742739664 ASK 98 243306
1781789213743000192 ASK 98 259246
1781789213743279376 ASK 99 335303
1781789213779914447 BID 84 374206
1781789213780353144 BID 96 255955
1781789213782087538 ASK 99 325049
1781789213782442483 ASK 100 357278
1781789213782830178 ASK 100 370665
1781789213783225650 ASK 101 331892
1781789213783578241 ASK 101 337515
1781789213783937577 ASK 102 288091
1781789213784241999 ASK 102 307267
1781789213784561939 ASK 103 367514
1781789213784944731 ASK 103 364780
1781789213785334387 ASK 104 284003
1781789213785637295 ASK 104 277852
1781789213785937669 ASK 105 224040
1781789213786176266 ASK 105 357881
1781789213786551319 ASK 106 335239
1781789213786914170 ASK 106 356940
1781789213787331022 ASK 107 387361
1781789213787746757 ASK 107 414343
1781789213788254835 ASK 108 372052
1781789213788654259 ASK 108 373706
1781789213789045287 ASK 109 285525
1781789213789388040 ASK 109 402179
1781789213789805768 ASK 110 316113
1781789213790224684 ASK 110 314415
1781789213790553987 ASK 111 377088
1781789213790947605 ASK 111 331462
1781789213791297161 ASK 112 263233
1781789213791588186 ASK 112 244950
1781789213791867811 ASK 113 439404
1781789213792319468 ASK 113 231204
1781789213792565029 ASK 114 352541
1781789213792984555 ASK 114 353233
1781789213793361122 ASK 115 773907
1781789213794148284 ASK 115 313973
1781789213794481854 ASK 116 302232
1781789213794801599 ASK 116 498908
1781789213795323660 ASK 135 378979
1781789213852160287 ASK 135 114765
1781789213852300520 ASK 135 132929
1781789213865733650 ASK 135 122359
1781789213865898910 ASK 99 239990
1781789213913252313 ASK 99 259076
1781789213913527700 ASK 100 137327
1781789213919494711 ASK 100 109425
1781789213919564742 BID 96 202580
1781789213919614856 ASK 101 383129
1781789213919797860 BID 89 399799
1781789213920013795 ASK 101 70942355
1781789213991012395 ASK 135 404068
1781789213994841507 ASK 135 125735
1781789213994994714 ASK 112 312065
1781789214090117571 BID 89 305143
1781789214090452700 BID 100 97112
1781789214095666517 ASK 112 82605
1781789214095763288 ASK 113 361869
1781789214096313721 ASK 113 379923
1781789214096775837 ASK 114 515707
1781789214097309578 ASK 114 419868
1781789214097746788 ASK 115 353052
1781789214098184860 ASK 115 299191
1781789214098599928 ASK 116 132799
1781789214098753997 ASK 116 425839
1781789214099212096 ASK 117 66946
1781789214099452117 ASK 117 250330
1781789214099777116 ASK 118 481523
1781789214100330023 ASK 118 273946
1781789214100625349 ASK 119 502212
1781789214101148781 ASK 119 239629
1781789214101415251 ASK 120 88235
1781789214101518675 ASK 120 127198
1781789214101658647 ASK 121 73778
1781789214101743115 ASK 121 168927
1781789214101931489 ASK 122 92613
1781789214162451067 ASK 122 303484
1781789214162726247 BID 100 387788
1781789214162770671 ASK 123 695535
1781789214163133181 BID 99 674005
1781789214163477186 ASK 123 588068
1781789214163821411 BID 99 612574
1781789214164149412 ASK 124 557044
1781789214164449354 BID 98 657503
1781789214164743315 ASK 124 636695
1781789214165149237 BID 98 500139
1781789214165397182 ASK 125 684409
1781789214165660486 BID 97 731547
1781789214166110996 ASK 125 668839
1781789214166409987 BID 97 721914
1781789214166812185 ASK 126 722546
1781789214167185892 BID 96 651632
1781789214167546764 ASK 126 612027
1781789214167857302 BID 96 645825
1781789214168174481 ASK 127 663084
1781789214168520710 BID 95 775675
1781789214168866399 ASK 127 972183
1781789214169316633 BID 95 822593
1781789214169914124 ASK 128 569638
1781789214170179081 BID 94 684734
1781789214170553964 ASK 128 716333
1781789214170923297 BID 94 622487
1781789214171288401 ASK 129 617097
1781789214171634310 BID 93 560300
1781789214171939312 ASK 129 533941
1781789214172234555 BID 93 638689
1781789214172492009 ASK 130 655980
1781789214172901797 BID 92 609123
1781789214173163197 ASK 130 730660
1781789214173526469 BID 92 676388
1781789214173920577 ASK 131 562336
1781789214174221472 BID 91 591359
1781789214174506347 ASK 131 573525
1781789214175105480 ASK 132 454172
1781789214175584679 ASK 132 406297
1781789214176055567 ASK 133 657703
1781789214176771700 ASK 133 329012
1781789214177119097 ASK 103 303740
1781789214224172809 BID 91 518313
1781789214224200050 ASK 103 1110452
1781789214224722590 BID 92 980458
1781789214225328326 ASK 104 677531
1781789214226064978 ASK 104 272992
1781789214226394035 ASK 105 234144
1781789214226647324 ASK 105 291587
1781789214226955032 ASK 106 290165
1781789214227256727 ASK 106 299718
1781789214227577314 ASK 107 324032
1781789214227931974 ASK 107 303564
1781789214228266496 ASK 108 301671
1781789214228590499 ASK 108 331186
1781789214228944869 ASK 109 255249
1781789214229215917 ASK 109 306384
1781789214229580441 ASK 110 317656
1781789214229965774 ASK 110 294864
1781789214230272609 ASK 111 465854
1781789214230768168 ASK 111 284093
1781789214231088098 ASK 112 395888
1781789214231510015 ASK 112 362469
1781789214231896910 ASK 113 241593
1781789214232172347 ASK 113 430382
1781789214232638125 ASK 114 373285
1781789214233105447 ASK 114 429190
1781789214233554094 ASK 115 310342
1781789214233880486 ASK 115 335900
1781789214234236022 ASK 116 352552
1781789214234608571 ASK 116 364234
1781789214235006568 ASK 117 363452
1781789214235387993 ASK 117 477736
1781789214235893201 ASK 118 411281
1781789214236319570 ASK 118 375781
1781789214236717612 ASK 119 436423
1781789214237224738 ASK 119 300845
1781789214237571138 ASK 120 399587
1781789214237990702 ASK 120 317864
1781789214238330657 ASK 121 412169
1781789214238774265 ASK 121 350326
1781789214239157073 ASK 122 339194
1781789214239518538 ASK 122 471421
1781789214240020957 ASK 123 449448
1781789214240505662 ASK 123 381155
1781789214240902306 ASK 124 356327
1781789214241281777 ASK 124 427638
1781789214241753407 ASK 125 414542
1781789214242231579 ASK 125 557955
1781789214242828666 ASK 126 201330
1781789214243072426 ASK 126 383680
1781789214243478867 ASK 127 494708
1781789214244003412 ASK 127 385383
1781789214244420384 ASK 128 694006
1781789214245127295 ASK 128 759610
1781789214245852009 BID 92 326412
1781789214245911029 ASK 129 609313
1781789214246196124 BID 100 805691
1781789214246541833 ASK 129 923161
1781789214247497134 ASK 130 503893
1781789214248109072 ASK 130 348161
1781789214248477341 ASK 131 497055
1781789214249007377 ASK 131 413155
1781789214249444707 ASK 132 435637
1781789214249925880 ASK 132 390632
1781789214250351928 ASK 133 373288
1781789214250802081 ASK 133 315544
1781789214251141570 ASK 134 336280
1781789214251588448 ASK 134 322805
1781789214252050554 ASK 135 250140
1781789214374925810 ASK 135 380718
1781789214375352785 ASK 108 422111
1781789214446007678 BID 100 299061
1781789214446281251 ASK 108 464383
1781789214446373985 BID 99 647028
1781789214446774618 ASK 109 574620
1781789214447035891 BID 99 775492
1781789214447363726 ASK 109 638625
1781789214447830319 BID 98 471397
1781789214448032698 ASK 110 567797
1781789214448319178 BID 98 617487
1781789214448709219 ASK 110 536757
1781789214448949439 BID 97 635557
1781789214449267787 ASK 111 733265
1781789214449599504 BID 97 720366
1781789214450080742 ASK 111 589205
1781789214450394230 BID 96 532208
1781789214450693531 ASK 112 584336
1781789214450940243 BID 96 1013411
1781789214451291863 ASK 112 1061090
1781789214451980565 BID 95 778910
1781789214452425309 ASK 113 627832
1781789214452773452 BID 95 599654
1781789214453134223 ASK 113 536091
1781789214453391270 BID 101 696647
1781789214453689861 ASK 114 501650
1781789214454212601 ASK 114 348754
1781789214454582946 ASK 115 301374
1781789214454947309 ASK 115 566818
1781789214455532682 ASK 107 281719
1781789214486120646 BID 101 194074
1781789214486348683 BID 100 236423
1781789214486612628 BID 100 318297
1781789214487034710 BID 99 210004
1781789214487319795 BID 99 137698
1781789214487489233 BID 98 268894
1781789214487791389 BID 98 211577
1781789214488037892 BID 97 273638
1781789214488337298 BID 97 204323
1781789214488559385 BID 96 177623
1781789214488766954 BID 96 296892
1781789214489088332 BID 95 157125
1781789214489258031 BID 95 274524
1781789214489545790 BID 94 191069
1781789214489751977 BID 94 255820
1781789214490045107 BID 93 210194
1781789214490276070 BID 93 210234
1781789214490500311 BID 92 230041
1781789214575419741 ASK 107 369833
1781789214575822757 ASK 108 255519
1781789214604987086 BID 92 312862
1781789214605322942 BID 101 316288
1781789214663014158 BID 101 116699
1781789214663160272 BID 105 136416
1781789214710399471 BID 105 324399
1781789214710786287 BID 104 207535
1781789214724237195 BID 104 148603
1781789214724421646 BID 103 458947
1781789214724897023 BID 103 276298
1781789214725187548 BID 102 342181
1781789214725548184 BID 102 371056
1781789214725936472 BID 101 336481
1781789214727871251 ASK 108 325590
1781789214728231045 ASK 109 320596
1781789214728584784 ASK 109 291642
1781789214728895061 ASK 110 323481
1781789214729255041 ASK 110 293796
1781789214729564957 ASK 111 323898
1781789214729905546 ASK 111 353533
1781789214730285398 ASK 112 292427
1781789214730600247 ASK 112 344999
1781789214730966796 ASK 113 306726
1781789214731294231 ASK 113 369534
1781789214731697457 ASK 114 253184
1781789214731964938 ASK 114 270137
1781789214732253710 ASK 115 305899
1781789214848555281 ASK 115 238817
1781789214848811491 ASK 116 162184
1781789214848986289 ASK 116 189004
1781789214849213094 ASK 117 188052
1781789214849481517 ASK 117 82355
1781789214849619105 ASK 118 167745
1781789214849840040 ASK 118 122139
1781789214849975344 ASK 119 182623
1781789214850171702 ASK 119 225332
1781789214850416992 ASK 120 194214
1781789214850641212 ASK 120 202490
1781789214850856446 ASK 121 410881
1781789214851285010 ASK 121 90640
1781789214851575124 ASK 122 106560
1781789214869544557 ASK 122 226414
1781789214869785799 ASK 109 209914
1781789214903941298 BID 101 113815
1781789214904108293 BID 100 283071
1781789214920331791 BID 100 43426518
1781789214963812831 BID 92 110968
1781789214964169761 BID 92 149431
1781789214964199837 ASK 109 303910
1781789214964384313 BID 91 517200
1781789214964703922 ASK 110 449273
1781789214965233556 BID 91 272992
1781789214965371284 ASK 110 496742
1781789214965628617 BID 90 425858
1781789214965930653 ASK 111 189616
1781789214966100031 BID 90 297297
1781789214966130488 ASK 111 299812
1781789214966407758 BID 89 208106
1781789214966440259 ASK 112 455382
1781789214966863621 BID 89 208481
1781789214966983366 ASK 112 269646
1781789214967088853 BID 88 360787
1781789214967339263 ASK 113 304351
1781789214967615862 BID 88 228921
1781789214967657460 ASK 113 325583
1781789214967855694 BID 87 375839
1781789214968028358 ASK 114 492393
1781789214968406877 BID 87 220013
1781789214968539176 ASK 114 288135
1781789214968663328 BID 86 309125
1781789214969204209 BID 86 142559
1781789214969239134 ASK 123 220626
1781789214969383577 BID 85 347893
1781789214969823352 BID 85 196901
1781789214970093831 BID 84 272161
1781789214970522906 BID 84 238698
1781789214970837396 BID 83 127469
1781789214971209784 BID 83 81002
1781789214971315362 BID 82 167785
1781789214971722105 BID 82 67887
1781789214971811763 BID 81 189831
1781789214972207566 BID 81 119804
1781789214972378847 BID 80 150893
1781789214972796971 BID 80 82536
1781789214972903261 BID 79 193903
1781789214973293102 BID 79 196999
1781789214973517843 BID 78 75061
1781789214973871467 BID 78 76122
1781789214974006800 BID 77 180549
1781789214974371535 BID 77 84488
1781789214974480359 BID 76 342442
1781789214975089361 BID 76 103514
1781789214975256154 BID 75 168566
1781789214975538834 BID 75 160421
1781789214975730503 BID 74 189401
1781789214976131681 BID 74 151555
1781789214976338930 BID 73 184767
1781789214976815338 BID 73 270337
1781789214977114078 BID 72 184095
1781789214977397550 BID 72 76113
1781789214977578649 BID 71 100068
1781789214977857302 BID 71 59502
1781789214977934848 BID 70 424597
1781789214978373190 BID 70 501982
1781789214978903655 BID 99 111149
1781789214986758897 BID 99 227096
1781789214987066915 BID 98 334538
1781789214987668283 BID 98 167795
1781789214987859652 BID 97 249448
1781789214988251818 BID 97 149180
1781789214988499452 BID 96 57458
1781789214988873434 BID 96 308543
1781789214989206313 BID 95 149170
1781789214989539008 BID 95 124759
1781789214989778702 BID 94 106429
1781789214990077212 BID 94 66815
1781789214990162672 BID 93 199283
1781789214990581988 BID 93 228478
1781789214990843859 BID 92 390330
1781789214991486284 BID 92 139040
1781789214991728758 BID 91 79399
1781789214992007211 BID 91 93946
1781789214992122277 BID 90 185207
1781789214992493411 BID 90 102803
1781789214992629717 BID 89 222771
1781789214993013519 BID 89 80250
1781789214993127262 BID 88 159298
1781789214993440509 BID 88 91181
1781789214993558921 BID 87 210094
1781789214994005409 BID 87 116048
1781789214994197319 BID 86 166191
1781789214994621600 BID 86 137608
1781789214994842234 BID 85 207189
1781789214995113132 BID 85 144724
1781789214995323228 BID 84 76624
1781789214995576063 BID 84 140415
1781789214995745182 BID 83 210975
1781789214996127188 BID 83 147947
1781789214996303318 BID 82 156123
1781789214996546224 BID 82 289773
1781789214996867997 BID 81 90330
1781789214997305879 BID 81 84489
1781789214997450491 BID 80 140192
1781789214997947162 BID 80 71704
1781789214998039545 BID 79 230362
1781789214998523352 BID 79 100278
1781789214998669416 BID 78 206698
1781789214999108084 BID 78 135759
1781789214999304407 BID 77 149260
1781789214999738552 BID 77 132032
1781789214999895040 BID 76 199083
1781789215000354617 BID 76 112155
1781789215000493092 BID 75 251337
1781789215001027680 BID 75 95448
1781789215001154337 BID 74 254307
1781789215001606184 BID 74 213489
1781789215001858986 BID 73 332967
1781789215002485720 BID 73 99962
1781789215002610228 BID 72 336441
1781789215003139320 BID 72 77906
1781789215003239738 BID 71 242395
1781789215003761687 BID 71 135044
1781789215003939090 BID 70 200065
1781789215004404478 BID 70 128836
1781789215004582537 BID 69 199024
1781789215004980132 BID 69 133741
1781789215005163817 BID 68 117891
1781789215005554971 BID 68 367928
1781789215005949108 BID 67 303118
1781789215006326926 BID 67 280719
1781789215006635487 BID 66 193170
1781789215006899560 BID 66 147084
1781789215007136022 BID 65 70232
1781789215007445272 BID 65 245751
1781789215007720999 BID 64 92132
1781789215007974704 BID 64 212658
1781789215008213271 BID 63 181350
1781789215008514516 BID 63 146951
1781789215008688898 BID 62 232326
1781789215009125582 BID 62 124689
1781789215009304553 BID 61 126979
1781789215009621157 BID 61 119374
1781789215009812727 BID 60 132428
1781789215010109589 BID 60 89337
1781789215010219385 BID 59 286256
1781789215010517694 BID 59 96351
1781789215057040332 BID 85 169338
1781789215057098521 ASK 123 485029
1781789215057604360 ASK 117 498666
1781789215120573629 ASK 117 158386
1781789215120768614 ASK 90 225894
1781789215212819210 BID 85 434950
1781789215213276462 BID 84 411201
1781789215281693997 ASK 90 212273
1781789215281933321 ASK 91 286377
1781789215282238864 ASK 91 277561
1781789215282564946 ASK 92 202540
1781789215282785520 ASK 92 311018
1781789215283114251 ASK 93 223640
1781789215283404075 ASK 93 344716
1781789215283770351 ASK 94 255038
1781789215284036811 ASK 94 331226
1781789215284380030 ASK 95 379541
1781789215311299744 ASK 95 5562579
1781789215316806056 BID 84 311612
1781789215316914710 ASK 100 546974
1781789215317150320 BID 86 40556071
1781789215394334513 ASK 100 103184
1781789215394458786 ASK 135 157616
1781789215401541761 BID 86 317476
1781789215401875748 BID 103 294787
1781789215482055323 ASK 135 89297
1781789215482281517 ASK 124 167955
1781789215503647055 ASK 124 116608
1781789215503792407 ASK 121 313728
1781789215553096724 ASK 121 256621
1781789215553319692 BID 103 108854
1781789215553372371 ASK 122 147767
1781789215553494049 BID 86 288782
1781789215553530848 ASK 122 41590250
1781789215595155993 ASK 132 111204
1781789215601253785 ASK 132 79650
1781789215601353753 ASK 105 254523
1781789215602038839 ASK 105 205650
1781789215602275747 ASK 99 81513
1781789215650960488 BID 86 168526
1781789215651163529 BID 91 163596
1781789215669988195 BID 91 39614609
1781789215709482559 ASK 99 446868
1781789215709744009 BID 86 586450
1781789215710041617 ASK 100 41668647
1781789215812201118 ASK 100 95870
1781789215812377960 ASK 96 173405
1781789215855076658 BID 86 187953
1781789215855295819 BID 88 181390
1781789215863178053 ASK 96 116799
1781789215863386473 ASK 97 227106
1781789215863669535 ASK 97 199495
1781789215863891791 ASK 98 239665
1781789215864150030 ASK 98 219462
1781789215864398156 ASK 99 154019
1781789215864593602 ASK 99 293466
1781789215864901846 ASK 100 224220
1781789215877734043 BID 88 147918
1781789215877916956 BID 90 322375
1781789215931383735 BID 90 227136
1781789215931686944 BID 89 241623
1781789215931943445 BID 89 295955
1781789215932257354 BID 88 234129
1781789215932515628 BID 88 339427
1781789215932881184 BID 87 372658
1781789215933294849 BID 87 403347
1781789215933727751 BID 86 274636
1781789215934028786 BID 86 328616
1781789215934389643 BID 85 306385
1781789215934709623 BID 85 360887
1781789215935098152 BID 84 274615
1781789215988605508 BID 84 462296
1781789215989097771 BID 86 560962
1781789216124102229 BID 86 683021
1781789216124803284 BID 95 268259
1781789216125083656 BID 95 317285
1781789216125414977 BID 94 351109
1781789216125787225 BID 94 219466
1781789216126019766 BID 93 293126
1781789216126369437 BID 93 231074
1781789216126616330 BID 92 423810
1781789216127065728 BID 92 327203
1781789216127407709 BID 91 370285
1781789216127793132 BID 91 269190
1781789216128125781 BID 90 214126
1781789216128420659 BID 90 220459
1781789216128652580 BID 89 307130
1781789216128972383 BID 89 237622
1781789216129281449 BID 88 256285
1781789216223640318 BID 88 217969
1781789216223935532 BID 83 249968
1781789216224241306 BID 83 616205
1781789216225032590 BID 82 259206
1781789216225414826 BID 82 73769
1781789216225687929 BID 83 103844
1781789216241598387 BID 83 236203
1781789216241863214 BID 89 186349
1781789216266217298 ASK 100 220048
1781789216266459658 ASK 98 322825
1781789216301759911 BID 89 147851
1781789216301952436 BID 90 369674
1781789216308002271 BID 90 110400
1781789216308139832 BID 94 323727
1781789216354619096 BID 94 41070908
1781789216395724860 BID 90 362149
1781789216428111643 ASK 98 657383
1781789216428819421 ASK 99 167905
1781789216429004828 ASK 99 150940
1781789216429258461 ASK 100 262503
1781789216438835328 BID 90 134462
1781789216438995358 BID 89 107131
1781789216439113460 BID 89 325871
1781789216439458657 BID 88 212509
1781789216439692436 BID 88 72726
1781789216439823431 BID 87 191509
1781789216440202572 BID 87 136667
1781789216440420842 BID 86 86612
1781789216440658567 BID 86 88746
1781789216440998615 BID 85 102372
1781789216441155279 BID 85 125656
1781789216441476632 BID 84 226845
1781789216441721411 BID 84 335169
1781789216442074764 BID 83 108313
1781789216442275981 BID 83 103123
1781789216442430912 BID 82 348278
1781789216528898255 BID 82 622127
1781789216529548234 BID 89 212188
1781789216550507805 ASK 100 67717
1781789216550594598 ASK 101 238958
1781789216551026478 ASK 101 91732
1781789216551230250 ASK 102 299852
1781789216551556111 ASK 102 165110
1781789216564338573 ASK 105 84987
1781789216600416371 BID 89 40752784
1781789216641231452 BID 71 169788
1781789216650818648 BID 71 519610
1781789216651270561 ASK 105 315126
1781789216651357464 BID 82 587216
1781789216651603631 ASK 91 622397
1781789216755613602 BID 82 144897
1781789216755826727 BID 80 130625
1781789216755974614 BID 80 120897
1781789216756106722 BID 79 167765
1781789216756285978 BID 79 148849
1781789216756448072 BID 78 141375
1781789216756600077 BID 78 225143
1781789216756838925 BID 77 238648
1781789216757150369 BID 77 197450
1781789216757359522 BID 76 148238
1781789216757518530 BID 76 352844
1781789216757907011 BID 75 273393
1781789216758202766 BID 75 96661
1781789216758455921 BID 71 92726
1781789216809063341 BID 71 276055
1781789216809427381 BID 75 132929
1781789216851649241 ASK 91 561994
1781789216852323986 ASK 84 92484
1781789216854161555 ASK 84 61595145
1781789216915786135 ASK 98 357897
1781789216916433224 BID 75 83687
1781789216916470434 ASK 98 391959
1781789216916578046 BID 91 352184
1781789216916880157 ASK 99 374071
1781789216917301146 ASK 99 83121
1781789216917410797 ASK 100 178801
1781789216917867469 ASK 100 83492
1781789216918012345 ASK 101 114665
1781789216918440508 ASK 101 238512
1781789216918699759 ASK 102 210044
1781789216919088869 ASK 102 160842
1781789216919312138 ASK 103 101861
1781789216919599717 ASK 103 235291
1781789216919872679 ASK 104 353213
1781789216920586984 ASK 104 123101
1781789216920748858 ASK 105 221496
1781789216921130464 ASK 105 111519
1781789216921272911 ASK 106 205776
1781789216921671564 ASK 106 78097
1781789216921766441 ASK 107 240341
1781789216922154750 ASK 107 228418
1781789216922409467 ASK 108 111219
1781789216922681758 ASK 108 89799
1781789216922790282 ASK 109 226615
1781789216923188869 ASK 109 84775
1781789216923299162 ASK 110 190657
1781789216923700194 ASK 110 102542
1781789216923829206 ASK 111 163997
1781789216924169334 ASK 111 135554
1781789216924329524 ASK 112 255479
1781789216924769740 ASK 112 96561
1781789216924886960 ASK 113 158196
1781789216925335573 ASK 113 82695
1781789216925684548 ASK 114 322525
1781789216926299030 ASK 114 123231
1781789216926729738 ASK 115 75652
1781789216926970121 ASK 115 110738
1781789216927100916 ASK 116 288512
1781789216927523619 ASK 116 157013
1781789216927753228 ASK 117 97973
1781789216928137601 ASK 117 85981
1781789216928244722 ASK 118 191028
1781789216928701177 ASK 118 346035
1781789216929002919 BID 91 249128
1781789216929111362 ASK 119 376957
1781789216929273346 BID 90 652499
1781789216929740688 ASK 119 223649
1781789216929940903 BID 90 83407
1781789216929974727 ASK 120 327945
1781789216930342256 BID 87 175814
1781789216930367423 ASK 120 277665
1781789216930660046 ASK 121 216356
1781789216931163323 ASK 121 91168
1781789216931277454 ASK 122 124223
1781789216931727401 ASK 122 180295
1781789216931930710 ASK 123 283026
1781789216932483041 ASK 123 92217
1781789216932596999 ASK 124 313849
1781789216933201323 ASK 124 96115
1781789216933321924 ASK 125 128471
1781789216933768612 ASK 125 97628
1781789216933951680 ASK 126 109395
1781789216934303784 ASK 126 122652
1781789216934450571 ASK 127 161894
1781789216934751696 ASK 127 167181
1781789216934950857 ASK 128 334570
1781789216935563584 ASK 128 160932
1781789216935746167 ASK 129 110306
1781789216936093222 ASK 129 86770
1781789216936230788 ASK 130 258557
1781789216936836756 ASK 130 89679
1781789216936951271 ASK 131 215279
1781789216937415362 ASK 131 72913
1781789216937509504 ASK 132 307932
1781789216938064083 ASK 132 98916
1781789216938185582 ASK 133 235922
1781789216938647663 ASK 133 160732
1781789216938843941 ASK 134 245951
1781789216939305326 ASK 134 138901
1781789216939475626 ASK 135 167694
1781789216939899190 ASK 135 85560
1781789216940007283 ASK 136 222697
1781789216940415178 ASK 136 152797
1781789216940665027 ASK 137 184476
1781789216941005656 ASK 137 90750
1781789216941122695 ASK 138 185618
1781789216941534818 ASK 138 140944
1781789216941702242 ASK 139 250079
1781789216942165090 ASK 139 142367
1781789216942333566 ASK 140 184464
1781789216942790313 ASK 140 204644
1781789216943018902 ASK 141 120777
1781789216943366423 ASK 141 375674
1781789216943657489 BID 87 228168
1781789216943848527 ASK 142 344797
1781789216943933897 BID 93 359514
1781789216944261371 ASK 142 343735
1781789216944666231 ASK 143 85270
1781789216945060648 ASK 143 218771
1781789216945482289 ASK 144 714661
1781789216946152426 BID 93 176591
1781789216946212829 ASK 144 403437
1781789216946503004 BID 87 587372
1781789216946798788 ASK 145 21191608
1781789216967944160 BID 87 82885
1781789216968004122 ASK 145 269085
1781789216968037224 BID 90 549892
1781789216968301059 ASK 110 24608850
1781789216992826763 BID 90 38687625
1781789217031461068 ASK 110 169147
1781789217031543052 BID 87 486627
1781789217031699044 ASK 91 41277448
1781789217073014874 ASK 91 87414
1781789217073301630 ASK 98 102996
1781789217074320052 ASK 98 175279
1781789217074516801 ASK 99 194996
1781789217074751251 ASK 99 155882
1781789217074918715 ASK 100 207810
1781789217075148566 ASK 100 155732
1781789217075324977 ASK 101 178004
1781789217075517267 ASK 101 180459
1781789217075709398 ASK 102 168656
1781789217075893403 ASK 102 187090
1781789217076099108 ASK 103 459603
1781789217076579610 ASK 103 269064
1781789217077129070 ASK 110 74535
1781789217093245648 BID 87 192385
1781789217093470785 BID 96 168636
1781789217136034195 ASK 110 370144
1781789217136429636 ASK 111 308549
1781789217136790232 ASK 111 349005
1781789217137165646 ASK 112 281994
