1781789171907160942 BID 98 247565
1781789171907202681 ASK 102 101569161
1781789174537037227 ASK 102 72521
1781789174537136899 ASK 103 388258
1781789174806059022 BID 98 90911
1781789174806180009 BID 97 191449
1781789174939617982 ASK 103 83266
1781789174939784424 ASK 104 174658
1781789174957574897 BID 97 156555
1781789174957815400 BID 100 159920
1781789175005301374 BID 100 313132
1781789175005685138 BID 97 331557
1781789175015674644 ASK 104 141806
1781789175015847057 ASK 103 176471
1781789175071732756 ASK 103 145422
1781789175071946417 ASK 104 153228
1781789175123290693 BID 97 149751
1781789175123614420 BID 101 178184
1781789175320554247 BID 101 538215
1781789175321121306 BID 100 290961
1781789175321424410 BID 100 278381
1781789175321725975 BID 99 296035
1781789175322135102 BID 99 263860
1781789175322460648 BID 98 263820
1781789175322797184 BID 98 264988
1781789175323134708 BID 97 309721
1781789175404920475 ASK 104 164999
1781789175405114989 ASK 102 267903
1781789175424396157 ASK 102 40305143
1781789175464737558 ASK 104 152136
1781789175531370506 ASK 104 262392
1781789175531753404 ASK 102 94537
1781789175594274255 BID 97 84950
1781789175594383349 BID 99 135685
1781789175657125746 ASK 102 91191
1781789175657231113 ASK 103 160942
1781789175657448090 ASK 103 213581
1781789175657687379 ASK 104 381846
1781789175661279051 ASK 104 94219
1781789175661489748 ASK 105 444965
1781789175662679981 ASK 105 324849
1781789175663029626 ASK 104 167735
1781789175675083246 BID 99 37717821
1781789175712764829 ASK 104 247124
1781789175712813481 BID 97 442505
1781789175713034295 ASK 105 394896
1781789175713268059 BID 97 40538734
1781789175753850385 BID 96 265370
1781789175756059991 BID 96 95820
1781789175756342140 BID 98 662302
1781789175778225560 ASK 105 117906
1781789175778376096 ASK 101 404769
1781789175799921253 ASK 101 42000642
1781789175841954917 ASK 105 83286
1781789175849113864 BID 98 75672
1781789175849235983 BID 97 59271
1781789175849306125 BID 97 253536
1781789175849572244 BID 96 96511
1781789176030377095 ASK 105 134877
1781789176030541688 ASK 103 358315
1781789176086558514 ASK 103 138089
1781789176086780480 ASK 104 125595
1781789176086998589 ASK 104 102793
1781789176087167425 ASK 105 176682
1781789176193763704 BID 96 343154
1781789176194168833 BID 95 310222
1781789176241105469 BID 95 142918
1781789176241305815 BID 102 187427
1781789176291244922 BID 102 157125
1781789176291442212 BID 101 427700
1781789176291902754 BID 101 165430
1781789176292103350 BID 100 371715
1781789176292521212 BID 100 317676
1781789176292855639 BID 99 288110
1781789176293213500 BID 99 221981
1781789176293503659 BID 98 339753
1781789176293858640 BID 98 231218
1781789176294102141 BID 97 264482
1781789176294397020 BID 97 270837
1781789176294692293 BID 96 307051
1781789176316108215 BID 96 332735
1781789176316528032 BID 95 294622
1781789176402961892 ASK 105 238969
1781789176403273085 ASK 106 287069
1781789176605550179 BID 95 148209
1781789176605735307 BID 99 131857
1781789176623187212 BID 99 641173
1781789176623866316 BID 98 96742
1781789176623981412 BID 98 115146
1781789176624113831 BID 97 95829
1781789176624225560 BID 97 264666
1781789176624515764 BID 96 206177
1781789176624749643 BID 96 179587
1781789176625034708 BID 95 292979
1781789176690412456 ASK 106 437100
1781789176690878120 ASK 103 429205
1781789176695028564 ASK 103 72296
1781789176695199915 ASK 104 198262
1781789176695433844 ASK 104 332854
1781789176695786465 ASK 106 123712
1781789176724831697 BID 95 348949
1781789176725214930 BID 94 376506
1781789176983791803 BID 94 120306
1781789176983947665 BID 89 418265
1781789176987588442 ASK 106 110910
1781789176987721554 ASK 107 212438
1781789176988045261 ASK 107 145402
1781789176988221902 ASK 108 126507
1781789176988467252 ASK 108 76293
1781789176988559255 ASK 109 178135
1781789176999342620 ASK 109 185528
1781789176999584915 ASK 96 220825
1781789177008795228 ASK 96 111179
1781789177009016463 ASK 97 96892
1781789177009370768 ASK 97 462617
1781789177009889340 ASK 98 68409
1781789177010013173 ASK 98 71434
1781789177010157894 ASK 99 363933
1781789177010758160 ASK 99 118682
1781789177010935623 ASK 100 311674
1781789177011404552 ASK 100 137758
1781789177011658077 ASK 101 228309
1781789177012116597 ASK 101 234500
1781789177012381324 ASK 102 108223
1781789177012504555 ASK 102 433513
1781789177013024059 ASK 103 237977
1781789177013288736 ASK 103 426349
1781789177013862873 ASK 106 137938
1781789177025549788 ASK 106 38791219
1781789177064254003 BID 89 234681
1781789177064372907 ASK 109 410470
1781789177064507890 BID 95 41750655
1781789177106165630 ASK 109 39028065
1781789177145140796 BID 95 133770
1781789177145237898 ASK 111 230863
1781789177145370436 BID 94 41220931
1781789177186636622 BID 94 120360
1781789177187175658 BID 89 98245
1781789177189382306 ASK 111 85851
1781789177189533680 ASK 105 376885
1781789177223074758 BID 89 99717
1781789177223244566 BID 91 342873
1781789177249602512 BID 91 297604
1781789177249930182 BID 90 284273
1781789177250232659 BID 90 248536
1781789177250504909 BID 89 343910
1781789177267095000 BID 89 113834
1781789177267252455 BID 88 211076
1781789177267483248 BID 88 240811
1781789177267746381 BID 87 212449
1781789177267973056 BID 87 168256
1781789177268226001 BID 86 163737
1781789177268400889 BID 86 109114
1781789177268520493 BID 85 195647
1781789177268730918 BID 85 186429
1781789177269001505 BID 84 66174
1781789177269078159 BID 84 194785
1781789177269286039 BID 83 160190
1781789177269461799 BID 83 202750
1781789177269809030 BID 82 112761
1781789177269940727 BID 82 153818
1781789177270113862 BID 81 180308
1781789177270797103 ASK 105 381375
1781789177271128525 BID 81 144611
1781789177271196422 ASK 106 243196
1781789177271401497 BID 80 438332
1781789177271733179 ASK 106 292639
1781789177272068819 BID 80 104386
1781789177272094467 ASK 107 278071
1781789177272230392 BID 79 412638
1781789177272398687 ASK 107 505328
1781789177272882665 BID 79 273112
1781789177272917340 ASK 108 678592
1781789177273248811 BID 78 525466
1781789177273743449 ASK 108 210885
1781789177273930720 BID 78 147066
1781789177273964864 ASK 109 401879
1781789177274131106 BID 77 549806
1781789177274392702 ASK 109 507211
1781789177274866911 BID 77 262112
1781789177274921463 ASK 110 445957
1781789177275141837 BID 76 500298
1781789177275457759 ASK 110 423224
1781789177275836680 BID 76 242655
1781789177275897554 ASK 111 339291
1781789177276096056 BID 75 299637
1781789177276541467 BID 75 123819
1781789177276700120 BID 74 119534
1781789177277038810 BID 74 68889
1781789177277136052 BID 73 257471
1781789177277563892 BID 73 212338
1781789177277805916 BID 72 257019
1781789177278255481 BID 72 81253
1781789177278397157 BID 71 299427
1781789177278963149 BID 71 197328
1781789177279189391 BID 70 63208
1781789177279516997 BID 70 190828
1781789177279809015 BID 69 101651
1781789177280152429 BID 69 155542
1781789177280398861 BID 68 135805
1781789177280730383 BID 68 443662
1781789177281191909 BID 67 173716
1781789177281599674 BID 67 121347
1781789177281751559 BID 66 370985
1781789177282349330 BID 66 79920
1781789177282539937 BID 65 244855
1781789177283013080 BID 65 87043
1781789177283188860 BID 64 103213
1781789177283467547 BID 64 67968
1781789177283581651 BID 63 298250
1781789177284007510 BID 63 124564
1781789177284197526 BID 62 79279
1781789177284476143 BID 62 110177
1781789177284612810 BID 61 390156
1781789177285356690 BID 61 110818
1781789177285549181 BID 60 129743
1781789177285838303 BID 60 71564
1781789177285934303 BID 59 316093
1781789177286338982 BID 59 145954
1781789177286527215 BID 58 262312
1781789177286925222 BID 58 144922
1781789177287081866 BID 87 171040
1781789177360076510 BID 87 643166
1781789177360365131 ASK 111 429576
1781789177360743100 BID 87 399157
1781789177360811198 ASK 112 529885
1781789177361605037 BID 87 116368
1781789177361655952 ASK 112 275592
1781789177361735882 BID 96 434149
1781789177361950279 ASK 113 416967
1781789177362522748 ASK 113 237205
1781789177362863708 ASK 114 138173
1781789177363175247 ASK 114 93044
1781789177363366716 ASK 115 144391
1781789177363771064 ASK 115 110688
1781789177363944369 ASK 116 51697
1781789177364189459 ASK 116 114946
1781789177364329922 ASK 117 117821
1781789177364710907 ASK 117 77776
1781789177364845940 ASK 118 188594
1781789177365242990 ASK 118 189310
1781789177365446777 ASK 111 118272
1781789177370010557 ASK 111 64762
1781789177370111686 ASK 107 146244
1781789177406826837 ASK 107 213831
1781789177407086874 ASK 105 70753
1781789177445058462 ASK 105 79779
1781789177445121911 BID 96 473838
1781789177445150745 ASK 106 572604
1781789177445607912 BID 95 351230
1781789177445768022 ASK 106 460916
1781789177445971775 BID 95 491877
1781789177446252873 ASK 107 556407
1781789177446480574 BID 94 610004
1781789177447102490 BID 94 494067
1781789177447620782 BID 93 365295
1781789177448015272 BID 93 512301
1781789177448554924 BID 92 70042
1781789177448638271 BID 92 204764
1781789177448864125 BID 91 282350
1781789177449164358 BID 91 232326
1781789177449411221 BID 90 117150
1781789177490226106 BID 90 296571
1781789177490438569 ASK 107 424346
1781789177490545049 BID 89 604542
1781789177490882672 ASK 108 576046
1781789177491657381 BID 89 136480
1781789177491688239 ASK 108 355276
1781789177491823156 BID 88 482931
1781789177492054886 ASK 109 478740
1781789177492812167 BID 88 119716
1781789177492840199 ASK 109 307046
1781789177492960828 BID 87 480703
1781789177493187531 ASK 110 518793
1781789177493900678 BID 87 135534
1781789177493927659 ASK 110 248205
1781789177494059486 BID 86 544461
1781789177494216320 ASK 111 472817
1781789177494748488 BID 86 95519
1781789177494775689 ASK 111 294347
1781789177494864716 BID 85 461160
1781789177495083010 ASK 112 396594
1781789177495518888 BID 85 312075
1781789177495766272 ASK 112 98805
1781789177495841483 BID 84 258304
1781789177495977769 ASK 113 380042
1781789177496481964 BID 84 98966
1781789177496508725 ASK 113 372569
1781789177496621035 BID 83 394450
1781789177496894618 ASK 114 393538
1781789177497248031 BID 83 122469
1781789177497298926 ASK 114 396153
1781789177497398683 BID 82 310262
1781789177596497668 BID 82 108794
1781789177596536200 ASK 122 458089
1781789177596705568 BID 108 503744
1781789177663140495 ASK 122 111359
1781789177663328658 ASK 119 182572
1781789177663885612 BID 108 3152087
1781789177666973719 ASK 119 112921
1781789177667053548 BID 84 213140
1781789177667101919 ASK 111 40624100
1781789177707793346 ASK 111 97442
1781789177708173339 ASK 110 139131
1781789177725452799 ASK 110 682480
1781789177726156960 ASK 108 227457
1781789177758657616 ASK 108 154600
1781789177758925569 ASK 94 112010
1781789177767264374 BID 84 436459
1781789177767662801 ASK 94 434455
1781789177767715771 BID 83 626735
1781789177768120840 ASK 95 559204
1781789177768614691 BID 83 292128
1781789177768702826 ASK 95 451587
1781789177768946674 BID 82 395229
1781789177769172347 ASK 96 450590
1781789177769580357 BID 82 252985
1781789177769668994 ASK 96 441823
1781789177769848851 BID 81 430472
1781789177770136155 ASK 97 492869
1781789177770596262 BID 81 268499
1781789177770644453 ASK 97 469070
1781789177770883096 BID 80 482314
1781789177771169348 ASK 98 357255
1781789177771481298 BID 80 373861
1781789177771543985 ASK 98 348444
1781789177771876068 BID 79 385212
1781789177771902468 ASK 99 417293
1781789177772289764 BID 79 82374
1781789177772330390 ASK 99 347892
1781789177772383239 BID 78 697328
1781789177772698230 ASK 100 453741
1781789177773102388 BID 78 88636
1781789177773166458 ASK 100 239595
1781789177773202476 BID 77 418440
1781789177773850026 BID 77 93836
1781789177773876295 ASK 108 328716
1781789177774020255 BID 76 350973
1781789177774766790 BID 76 109295
1781789177774945715 BID 75 112591
1781789177775380916 BID 75 74475
1781789177775479506 BID 74 422513
1781789177776041851 BID 74 102898
1781789177776169525 BID 73 159735
1781789177776496934 BID 73 114204
1781789177776873200 BID 72 145803
1781789177777108982 BID 72 180368
1781789177777316471 BID 101 112611
1781789177851376504 ASK 108 194200
1781789177851589660 ASK 110 222217
1781789177851866239 ASK 110 148178
1781789177852038963 ASK 111 156934
1781789177860129531 ASK 111 70402
1781789177860224078 ASK 112 237716
1781789177971584159 BID 101 165580
1781789177971894150 BID 100 79509
1781789177972138569 BID 100 86443
1781789177972314428 BID 99 164339
1781789177972684693 BID 99 89838
1781789177972916728 BID 98 178515
1781789177973224766 BID 98 108753
1781789177973354369 BID 97 371526
1781789177973780338 BID 97 104105
1781789177974005069 BID 96 75231
1781789177974274625 BID 96 165490
1781789177974532048 BID 95 268795
1781789177974977543 BID 95 129974
1781789177975137704 BID 94 403777
1781789177975715868 BID 94 88235
1781789177976089338 BID 93 308038
1781789177976782549 BID 93 111660
1781789177976921078 BID 92 660058
1781789177977641219 BID 92 267211
1781789178215696761 BID 96 86563
1781789178215741275 ASK 112 209413
1781789178215962640 ASK 104 245841
1781789178239435445 BID 96 123652
1781789178239591277 BID 95 332454
1781789178239949860 BID 95 189004
1781789178240157059 BID 94 162575
1781789178240364407 BID 94 180098
1781789178240560836 BID 93 173756
1781789178240806727 BID 93 123832
1781789178240980613 BID 92 202360
1781789178241194865 BID 92 271649
1781789178241535424 BID 91 310953
1781789178241968185 BID 91 96501
1781789178242077040 BID 90 89278
1781789178242211562 BID 90 141164
1781789178242373926 BID 89 219111
1781789178242624025 BID 89 197200
1781789178242899171 BID 88 316353
1781789178247036646 ASK 104 95309
1781789178247220701 ASK 105 466901
1781789178247719662 ASK 105 96851
1781789178248006330 ASK 108 207458
1781789178258175252 BID 88 129272
1781789178258204918 ASK 108 487505
1781789178258457822 BID 87 401843
1781789178258726235 ASK 98 616837
1781789178259237855 BID 87 122760
1781789178259384059 BID 86 312797
1781789178260005955 BID 86 89488
1781789178260233131 BID 85 154811
1781789178260550677 BID 85 109275
1781789178260873603 BID 84 103985
1781789178261132017 BID 84 92774
1781789178261236624 BID 83 381095
1781789178261657483 BID 83 110257
1781789178261782808 BID 82 239349
1781789178262467953 BID 82 442430
1781789178262677436 ASK 98 542998
1781789178262963973 BID 81 323337
1781789178263239550 ASK 99 403607
1781789178263580880 BID 81 181982
1781789178263716936 ASK 99 303510
1781789178263773582 BID 80 335709
1781789178264055881 ASK 100 495159
1781789178264490927 BID 80 504394
1781789178264627083 ASK 100 431096
1781789178265009317 BID 79 216506
1781789178265069039 ASK 101 296717
1781789178265328817 BID 79 184617
1781789178265465904 ASK 101 240110
1781789178265524804 BID 78 284464
1781789178265736912 ASK 102 122660
1781789178265840616 BID 78 591790
1781789178265869521 ASK 102 1169303
1781789178266506265 BID 77 674966
1781789178267123793 ASK 103 88927
1781789178267192121 BID 77 149548
1781789178267222769 ASK 103 220099
1781789178267398746 BID 76 288531
1781789178267456314 ASK 104 420939
1781789178267722904 BID 76 207809
1781789178267894445 ASK 104 227477
1781789178267945541 BID 75 365496
1781789178268476477 BID 75 120341
1781789178268521972 ASK 108 305869
1781789178268645760 BID 74 416972
1781789178269245340 BID 74 105482
1781789178269424060 BID 73 291576
1781789178269822978 BID 73 88075
1781789178269938414 BID 72 259011
1781789178270402479 BID 72 92429
1781789178270580088 BID 71 212546
1781789178271127743 BID 71 97515
1781789178271252700 BID 70 175248
1781789178271684118 BID 70 138791
1781789178271857584 BID 69 138099
1781789178272174889 BID 69 164638
1781789178272371547 BID 68 202220
1781789178272744918 BID 68 127449
1781789178272905499 BID 67 201969
1781789178273325276 BID 67 76462
1781789178273425623 BID 66 199434
1781789178273853638 BID 66 124513
1781789178274005021 BID 65 254125
1781789178274416290 BID 65 123752
1781789178274586650 BID 64 332173
1781789178274976671 BID 64 132140
1781789178275135522 BID 63 204894
1781789178275505185 BID 63 128471
1781789178275734876 BID 62 218049
1781789178276041942 BID 62 79899
1781789178276236937 BID 61 80692
1781789178276529065 BID 61 100608
1781789178276691660 BID 60 200987
1781789178277087673 BID 60 74479
1781789178277190716 BID 59 202730
1781789178277660687 BID 59 140519
1781789178277887909 BID 58 161227
1781789178278313201 BID 58 316158
1781789178278698639 BID 57 331331
1781789178279083311 BID 57 169528
1781789178279281052 BID 56 276369
1781789178279582527 BID 56 98550
1781789178376591131 BID 89 671795
1781789178376676376 ASK 108 637375
1781789178377344709 ASK 103 236483
1781789178433667791 BID 89 92258
1781789178433784665 BID 88 166232
1781789178434120881 BID 88 89808
1781789178434232971 BID 87 106560
1781789178434537267 BID 87 92443
1781789178434648065 BID 86 228699
1781789178435036042 BID 86 71374
1781789178435133315 BID 85 146154
1781789178435681132 BID 85 82334
1781789178435786810 BID 84 91462
1781789178436050946 BID 84 71754
1781789178436140494 BID 83 171040
1781789178436494528 BID 83 86568
1781789178436604169 BID 82 232726
1781789178436959045 BID 82 80831
1781789178437096723 BID 81 176265
1781789178437435873 BID 81 76093
1781789178437535710 BID 80 167244
1781789178437807881 BID 80 96821
1781789178437931443 BID 79 225482
1781789178438208192 BID 79 74189
1781789178438385995 BID 78 291937
1781789178438754416 BID 78 254858
1781789178439045642 BID 77 148960
1781789178439284901 BID 77 154625
1781789178439519095 BID 76 53290
1781789178439765638 BID 76 102086
1781789178439900265 BID 75 209543
1781789178440265791 BID 75 219812
1781789178440527903 BID 74 235381
1781789178441045521 BID 74 122071
1781789178441196757 BID 73 370876
1781789178441902070 BID 73 72756
1781789178442061890 BID 72 348840
1781789178442695463 BID 72 83446
1781789178442836086 BID 71 178851
1781789178443271949 BID 71 88992
1781789178443424169 BID 70 115707
1781789178443708793 BID 70 103991
1781789178443869951 BID 69 108453
1781789178444134126 BID 69 178069
1781789178444374121 BID 68 291978
1781789178444823604 BID 68 71183
1781789178444852258 ASK 103 421665
1781789178444948739 BID 67 409713
1781789178445307877 ASK 98 474861
1781789178445605857 BID 67 241863
1781789178445876825 BID 66 143048
1781789178446358476 BID 66 67887
1781789178446631728 BID 65 325601
1781789178447078115 BID 65 185108
1781789178447332192 BID 64 322425
1781789178448014211 BID 64 81643
1781789178448288586 BID 63 427532
1781789178448792371 BID 63 141625
1781789178573045514 BID 70 120591
1781789178573084768 ASK 108 370059
1781789178622239358 BID 70 563798
1781789178622816430 BID 82 469923
1781789178681670807 ASK 108 75812
1781789178681760034 ASK 109 293871
1781789178682070667 ASK 109 115973
1781789178682283531 ASK 110 178725
1781789178682520987 ASK 110 163626
1781789178682707957 ASK 111 243186
1781789178682973736 ASK 111 86402
1781789178683192887 ASK 112 208792
1781789178736054696 ASK 112 352351
1781789178736433426 ASK 112 319495
1781789178797347178 BID 82 557220
1781789178797773543 ASK 112 354209
1781789178797928754 BID 81 659517
1781789178798172977 ASK 102 746640
1781789178798896183 BID 81 410816
1781789178799338147 BID 80 326036
1781789178799903001 BID 80 103319
1781789178800071813 BID 79 197400
1781789178800524332 BID 79 101530
1781789178800668452 BID 78 176711
1781789178800943979 BID 78 109400
1781789178801081452 BID 77 170570
1781789178801443180 BID 77 87073
1781789178801576821 BID 76 273478
1781789178802053801 BID 76 113063
1781789178802193022 BID 75 253966
1781789178802616296 BID 75 94677
1781789178802762901 BID 74 224371
1781789178803077450 BID 74 70863
1781789178803169283 BID 73 272208
1781789178803695620 BID 73 88305
1781789178803830072 BID 72 283271
1781789178804244580 BID 72 112962
1781789178804425148 BID 71 274936
1781789178804986761 BID 71 108313
1781789178805168362 BID 70 229771
1781789178805669181 BID 70 99216
1781789178805787894 BID 69 190157
1781789178806165236 BID 69 94703
1781789178806328077 BID 68 223810
1781789178806822272 BID 68 102522
1781789178806951715 BID 67 279635
1781789178807392050 BID 67 111030
1781789178807586537 BID 66 161924
1781789178807883764 BID 66 103865
1781789178808060626 BID 65 53391
1781789178808240684 BID 65 105315
1781789178808376857 BID 64 155342
1781789178808710894 BID 64 176120
1781789178808922501 BID 63 101861
1781789178809081208 BID 63 98996
1781789178809203528 BID 62 90449
1781789178809418663 BID 62 105558
1781789178809548056 BID 61 243176
1781789178810031963 BID 61 83532
1781789178810141564 BID 60 224441
1781789178810558501 BID 60 116719
1781789178810720826 BID 59 164248
1781789178811290885 BID 59 128461
1781789178811584226 BID 58 180068
1781789178811977703 BID 58 109255
1781789178812117666 BID 57 188513
1781789178812670993 BID 57 156474
1781789178812929458 BID 56 75271
1781789178813424908 BID 56 181721
1781789178813882947 BID 55 77366
1781789178814260074 BID 55 115026
1781789178814401589 BID 54 278693
1781789178814917847 BID 54 258560
1781789178815237432 BID 53 261042
1781789178815843113 BID 53 83546
1781789178815951786 BID 52 259457
1781789178816473906 BID 52 98935
1781789178816617695 BID 51 163928
1781789178816989282 BID 51 82275
1781789178817142069 BID 50 208912
1781789178817589258 BID 50 157716
1781789178817773313 BID 49 210324
1781789178818170949 BID 49 92323
1781789178818332301 BID 48 211136
1781789178818793997 BID 48 87212
1781789178818938877 BID 47 66014
1781789178819109056 BID 47 90941
1781789178819433364 BID 46 565253
1781789178820016901 BID 46 101150
1781789178919792014 BID 81 105538
1781789178919862966 ASK 102 387818
1781789178920280109 ASK 89 156624
1781789178974821634 ASK 89 119233
1781789178974968289 ASK 90 222001
1781789178975222861 ASK 90 269871
1781789178975505076 ASK 91 273809
1781789178975808991 ASK 91 322786
1781789178976155632 ASK 92 170550
1781789178976346690 ASK 92 225848
1781789178976708082 ASK 93 164949
1781789178976900573 ASK 93 652604
1781789178977568626 ASK 94 336401
1781789178977916368 ASK 94 83136
1781789178978010485 ASK 95 269064
1781789178978300849 ASK 95 97593
1781789178978409443 ASK 96 220884
1781789178978697524 ASK 96 149720
1781789178978897168 ASK 97 228378
1781789178979148129 ASK 97 80932
1781789178979333476 ASK 98 171632
1781789178979525366 ASK 98 306274
1781789178979858381 ASK 99 82795
1781789178980043939 ASK 99 166001
1781789178980229316 ASK 100 228379
1781789178980470559 ASK 100 335990
1781789178980825134 ASK 101 154049
1781789178980997357 ASK 101 86132
1781789178981160743 ASK 102 74791
1781789179033072015 BID 81 447560
1781789179033282340 ASK 102 349606
1781789179033542879 BID 73 299521
1781789179033811062 ASK 107 68919
1781789179048001045 BID 73 96105
1781789179048130843 BID 92 269756
1781789179079089573 BID 92 78348
1781789179079386060 BID 102 251572
1781789179113159694 BID 102 61636712
1781789179174851860 BID 92 447730
1781789179175745642 ASK 107 154881
1781789179175973850 ASK 108 186480
1781789179176190967 ASK 108 136807
1781789179176357790 ASK 109 171582
1781789179176546454 ASK 109 314600
1781789179176872245 ASK 114 122410
1781789179227112467 BID 92 74360
1781789179227408222 BID 98 175810
1781789179281908019 ASK 114 174142
1781789179282112689 ASK 110 180288
1781789179294627693 ASK 110 247081
1781789179294908438 ASK 111 326297
1781789179295250474 ASK 111 291296
1781789179295558682 ASK 112 374917
1781789179295966842 ASK 112 232315
1781789179296234794 ASK 113 272957
1781789179296536996 ASK 113 289117
1781789179296852142 ASK 114 259191
1781789179320809637 ASK 114 92314
1781789179320926967 ASK 111 214853
1781789179339187214 ASK 111 66585
1781789179339280139 ASK 101 130906
1781789179382908888 BID 98 263416
1781789179383204224 BID 97 315256
1781789179383546922 BID 97 291446
1781789179383914281 BID 96 296480
1781789179384233855 BID 96 331301
1781789179384592097 BID 95 275887
1781789179384921074 BID 95 286768
1781789179385229382 BID 94 267362
1781789179385549663 BID 94 329604
1781789179385904915 BID 93 217712
1781789179386167442 BID 93 231914
1781789179386416148 BID 92 338114
1781789179466085677 ASK 101 377157
1781789179466510524 ASK 102 279349
1781789179466819809 ASK 102 346705
1781789179467188926 ASK 103 269210
1781789179467479727 ASK 103 372970
1781789179467867975 ASK 104 339927
1781789179468229293 ASK 104 323557
1781789179468585641 ASK 105 305852
1781789179468910518 ASK 105 274405
1781789179469266406 ASK 106 188663
1781789179469594000 ASK 106 257931
1781789179469866508 ASK 107 269158
1781789179470205878 ASK 107 296335
1781789179470526529 ASK 108 511217
1781789179471053936 ASK 108 662012
1781789179471592506 BID 92 413987
1781789179471774067 ASK 109 450444
1781789179472020549 BID 93 516353
1781789179472279715 ASK 109 565824
1781789179472863192 ASK 110 396132
1781789179511818402 BID 93 181380
1781789179512031161 BID 92 292188
1781789179512968032 ASK 110 78227
1781789179513095662 ASK 107 346755
1781789179552158125 ASK 107 394916
1781789179552458283 BID 92 448877
1781789179552604557 ASK 108 701331
1781789179552934271 BID 88 695695
1781789179553362073 ASK 108 49806770
1781789179603087971 BID 88 127780
1781789179603185955 ASK 107 251682
1781789179603234266 BID 87 44993852
1781789179648184336 ASK 107 412784
1781789179648307046 BID 87 640888
1781789179648613571 ASK 108 639710
1781789179648978792 BID 86 549865
1781789179649265684 ASK 108 493736
1781789179649729714 BID 86 341070
1781789179649783075 ASK 109 514505
1781789179650083678 BID 85 430929
1781789179650314912 ASK 109 573105
1781789179650809731 BID 85 366137
1781789179650912423 ASK 110 544911
1781789179651202928 BID 84 614181
1781789179651487912 ASK 110 668243
1781789179652053984 BID 84 137087
1781789179652167867 ASK 126 334333
1781789179652201270 BID 83 11649766
1781789179663802364 ASK 126 90650
1781789179663865663 BID 83 146735
1781789179663914074 ASK 101 218369
1781789179664025353 BID 97 36471198
1781789179700450864 ASK 101 223689
1781789179700511418 BID 97 471174
1781789179700848730 ASK 102 386826
1781789179701065607 BID 96 433683
1781789179701254121 ASK 102 634327
1781789179701631969 BID 96 708847
1781789179702057575 ASK 126 520486
1781789179702368027 BID 95 40397550
1781789179742795323 BID 95 76563
1781789179743043949 BID 94 96742
1781789179811027716 ASK 126 229921
1781789179811423709 ASK 125 325911
1781789179839984585 ASK 125 282300
1781789179840284418 ASK 113 138018
1781789179866128881 ASK 113 78507
1781789179866231884 ASK 110 202460
1781789179921631659 ASK 110 132840
1781789179921793101 ASK 108 328526
1781789179954477847 ASK 108 73467
1781789179954576983 ASK 100 162204
1781789179960076382 ASK 100 375975
1781789179960397013 BID 94 91351
1781789179960462957 ASK 108 264556
1781789179960501489 BID 89 74214623
1781789180089903108 ASK 108 256791
1781789180090249968 ASK 95 130675
1781789180135122410 ASK 95 468839
1781789180135609203 ASK 96 373079
1781789180162180177 ASK 96 142838
1781789180162355676 ASK 97 263204
1781789180162763681 ASK 97 214713
1781789180163190582 ASK 98 147046
1781789180163360300 ASK 98 265618
1781789180163886377 ASK 99 386174
1781789180164286357 ASK 99 141916
1781789180164783961 ASK 100 119444
1781789180164916379 ASK 100 262071
1781789180165216171 ASK 101 170400
1781789180165431405 ASK 101 396333
1781789180165869246 ASK 102 177483
1781789180166110378 ASK 102 174037
1781789180166341933 ASK 103 76012
1781789180166485302 ASK 103 98145
1781789180166649690 ASK 104 121648
1781789180166821442 ASK 104 190858
1781789180167172881 ASK 105 168716
1781789180167359010 ASK 105 289082
1781789180167802662 ASK 126 115777
1781789180170269018 ASK 126 87013
1781789180170379896 ASK 113 241142
1781789180227997650 BID 89 123451
1781789180228148553 BID 97 253831
1781789180255673492 BID 97 560862
1781789180256291411 BID 109 76384
1781789180260913626 BID 109 73809
1781789180261008874 BID 108 213841
1781789180261238244 BID 108 300263
1781789180261552934 BID 107 213200
1781789180261781833 BID 107 227337
1781789180262095923 BID 106 293952
1781789180262439968 BID 106 113824
1781789180262762102 BID 97 85200
1781789180286035741 ASK 113 133470
1781789180286250884 ASK 114 225563
1781789180286507806 ASK 114 283562
1781789180286863694 ASK 115 214412
1781789180303830598 ASK 115 101180
1781789180303960952 ASK 105 335229
1781789180352012717 BID 97 422228
1781789180352402082 ASK 105 364569
1781789180352458819 BID 96 602283
1781789180352801476 ASK 113 458760
1781789180353079136 BID 96 461582
1781789180353275585 ASK 113 504171
1781789180353557810 BID 95 507752
1781789180353795696 ASK 114 550136
1781789180354398420 ASK 114 183124
1781789180354608284 ASK 115 257684
1781789180399831843 BID 95 94637
1781789180399952810 BID 94 309696
1781789180400278716 BID 94 275366
1781789180400577717 BID 93 398056
1781789180400993637 BID 93 327649
1781789180401335353 BID 92 259627
1781789180401620708 BID 92 254317
1781789180401911604 BID 91 307637
1781789180402242565 BID 91 292945
1781789180402565687 BID 90 289137
1781789180402926107 BID 90 125295
1781789180403077811 BID 89 282576
1781789180428318818 ASK 115 106842
1781789180428455777 ASK 116 319677
1781789180428851096 ASK 116 306099
1781789180429176842 ASK 117 195005
1781789180438166347 ASK 117 478913
1781789180438725851 ASK 113 297959
1781789180470726789 ASK 113 121087
1781789180470875619 ASK 103 227897
1781789180502615278 BID 89 86552
1781789180502762053 BID 93 234310
1781789180518476116 ASK 103 189585
1781789180518785005 ASK 104 261430
1781789180519103472 ASK 104 173716
1781789180519329156 ASK 105 114965
1781789180519495458 ASK 105 222848
1781789180519738674 ASK 106 117470
1781789180519883535 ASK 106 83196
1781789180520091656 ASK 107 84087
1781789180520186764 ASK 107 308148
1781789180520512675 ASK 108 68479
1781789180520597014 ASK 108 243046
1781789180520892879 ASK 109 90419
1781789180521003005 ASK 109 285616
1781789180521299602 ASK 113 77947
1781789180545779724 ASK 113 109075
1781789180545848443 BID 93 105147
1781789180545900130 ASK 114 267261
1781789180545965613 BID 92 350557
1781789180546271637 ASK 114 318958
1781789180546429573 BID 92 269025
1781789180546609641 ASK 115 134412
1781789180546709889 BID 91 203081
1781789180546972682 ASK 115 104751
1781789180547277388 ASK 116 190808
1781789180547709990 ASK 116 120076
1781789180547987741 ASK 117 102803
1781789180548328329 ASK 117 99226
1781789180548601662 ASK 118 186229
1781789180549118191 ASK 118 195857
1781789180549276838 BID 91 90179
1781789180549324177 ASK 119 220453
1781789180549377036 BID 89 416932
1781789180549760626 ASK 119 41043704
1781789180590842522 ASK 120 99045
1781789180709139752 BID 73 203402
1781789180709200085 ASK 120 278282
1781789180709493255 ASK 89 122781
1781789180713186368 BID 73 121387
1781789180713380140 BID 77 73228
1781789180738238844 BID 77 335690
1781789180738594992 BID 76 158658
1781789180738774288 BID 76 139462
1781789180738939558 BID 75 175439
1781789180739128152 BID 75 164689
1781789180739306146 BID 74 224321
1781789180739549192 BID 74 186460
1781789180739815713 BID 73 222798
1781789180746809740 ASK 89 80154
1781789180746918117 ASK 90 162535
1781789180747106331 ASK 90 218200
1781789180747339067 ASK 106 141065
1781789180764592516 BID 73 325310
1781789180765017994 BID 75 149125
1781789180792113894 BID 75 325641
1781789180792503204 BID 74 365726
1781789180792882626 BID 74 284962
1781789180793200530 BID 73 388781
1781789180793609268 BID 73 284023
1781789180793912016 BID 72 346810
1781789180794273574 BID 72 294523
1781789180794599937 BID 71 283878
1781789180828120976 BID 71 120146
1781789180828316443 BID 73 170790
1781789180829894573 BID 73 518913
1781789180830432432 BID 73 59772
1781789180874223994 BID 73 165831
1781789180874475616 BID 86 147677
1781789180919041262 BID 86 128060
1781789180919200841 BID 85 260158
1781789180919709305 BID 85 96381
1781789180919819972 BID 84 260098
1781789180920104937 BID 84 207319
1781789180920327775 BID 83 206757
1781789180920549621 BID 83 193843
1781789180920769744 BID 82 172042
1781789180920969378 BID 82 139351
1781789180921126853 BID 81 156454
1781789180921303144 BID 81 203141
1781789180921584943 BID 80 257563
1781789180921912687 BID 80 640681
1781789180922576131 BID 75 224241
1781789180924020781 ASK 106 192221
1781789180924333798 ASK 107 64451
1781789180924620857 ASK 107 86924
1781789180924782019 ASK 108 141956
1781789180925104794 ASK 108 59412
1781789180925256499 ASK 109 225553
1781789180925540492 ASK 109 118733
1781789180925715009 ASK 110 116208
1781789180925989634 ASK 110 162655
1781789180926243931 ASK 111 110857
1781789180926538643 ASK 111 86152
1781789180926688705 ASK 112 231173
1781789180927136284 ASK 112 76874
1781789180927244267 ASK 113 302727
1781789180927570198 ASK 113 244188
1781789180930837654 ASK 86 288531
1781789180965429025 BID 75 244518
1781789180965706295 BID 74 275116
1781789180966230325 BID 74 84801
1781789180966337538 BID 73 355958
1781789180966744452 BID 73 108864
1781789180966874706 BID 72 144736
1781789180967186876 BID 72 110583
1781789180967321544 BID 71 134953
1781789180967658927 BID 71 148458
1781789180967902554 BID 70 84729
1781789180968170597 BID 70 93856
1781789180968288698 BID 69 117430
1781789180968517397 BID 69 218378
1781789180968767324 BID 68 169387
1781789180969103915 BID 68 121307
1781789180969307216 BID 67 125746
1781789180969740369 BID 67 164411
1781789180969938482 BID 66 269701
1781789180970479547 BID 66 164068
1781789180970668612 BID 65 272280
1781789180971201447 BID 65 260989
1781789180971489196 BID 64 120386
1781789180971983203 BID 64 81383
1781789180972088571 BID 63 205079
1781789180972383408 BID 63 68479
1781789180972473337 BID 62 329698
1781789180972980999 BID 62 121427
1781789180973127594 BID 61 207308
1781789180973464085 BID 61 100959
1781789180973588799 BID 60 263704
1781789180974073888 BID 60 77255
1781789180974172143 BID 59 336781
1781789180974734878 BID 59 105628
1781789180974865122 BID 58 117230
1781789180975156388 BID 58 69190
1781789180975251617 BID 57 102502
1781789180975490545 BID 57 415159
1781789180975922165 BID 56 90470
1781789180976230453 BID 56 56596
1781789180976359425 BID 55 186951
1781789180976723207 BID 55 217919
1781789180977004194 BID 54 119625
1781789180977272868 BID 54 58801
1781789180977402762 BID 53 88336
1781789180977801540 BID 53 167955
1781789180978051729 BID 52 150993
1781789180978543837 BID 52 108218
1781789180978678695 BID 51 176010
1781789180979061453 BID 51 185027
1781789180979272529 BID 50 80020
1781789180979740737 BID 50 312496
1781789180980072700 BID 49 71514
1781789180980391497 BID 49 202680
1781789180980623012 BID 48 79530
1781789180981011897 BID 48 160365
1781789180981198411 BID 47 125616
1781789180981566882 BID 47 153157
1781789180981747250 BID 46 374172
1781789180982150536 BID 46 208061
1781789181005230885 BID 71 297318
1781789181005374895 ASK 86 3475613
1781789181008814461 BID 71 74981
1781789181008864936 ASK 106 267787
1781789181008902105 BID 85 36797861
1781789181045623342 ASK 106 236889
1781789181045727828 BID 85 211341
1781789181045885499 ASK 105 172613
1781789181045958265 BID 91 30039465
1781789181075951253 ASK 105 40727131
1781789181116710514 ASK 106 217738
1781789181117122041 BID 91 265427
1781789181117177936 ASK 106 335159
1781789181117449475 BID 101 551624
1781789181117570612 ASK 107 481513
1781789181118086850 ASK 107 96762
1781789181118251810 ASK 108 139631
1781789181118578803 ASK 108 161162
1781789181118794497 ASK 109 167825
1781789181119097425 ASK 109 91392
1781789181119294254 ASK 110 133801
1781789181119641836 ASK 110 176471
1781789181119901844 ASK 111 60063
1781789181120087713 ASK 111 154579
1781789181120295973 ASK 112 87815
1781789181120517058 ASK 112 71875
1781789181120701123 ASK 113 244298
1781789181120956372 ASK 113 122520
1781789181191241314 BID 101 167620
1781789181191285777 ASK 111 345243
1781789181191492711 BID 105 374783
1781789181246048482 BID 105 476614
1781789181246424497 ASK 111 557596
1781789181246540705 BID 91 650871
1781789181247076240 ASK 112 148919
1781789181247234917 ASK 112 142928
1781789181247406138 ASK 113 296482
1781789181247730632 ASK 113 214102
1781789181247962487 ASK 114 204804
1781789181248197468 ASK 114 178274
1781789181248393886 ASK 115 218350
1781789181302691464 ASK 115 113719
1781789181302836732 ASK 109 141305
1781789181361610646 ASK 109 429476
1781789181362103110 ASK 110 275351
1781789181362432833 ASK 110 276434
1781789181362761325 ASK 111 312597
1781789181363136789 ASK 111 288481
1781789181363448093 ASK 112 288475
1781789181363810297 ASK 112 297272
1781789181364122698 ASK 113 319279
1781789181370880467 ASK 113 873107
1781789181371060244 BID 91 828423
1781789181371499738 ASK 120 639459
1781789181371901512 BID 101 41863315
1781789181414005058 ASK 120 1001168
1781789181414860633 BID 101 202971
1781789181415039127 ASK 119 104306
1781789181415073923 BID 100 253255
1781789181415338439 BID 100 106950
1781789181415468974 BID 99 379932
1781789181415869174 BID 99 285796
1781789181416166742 BID 85 99615
1781789181418267002 ASK 119 147521
1781789181418533677 ASK 120 185659
1781789181418784106 ASK 120 106570
1781789181418945359 ASK 121 92794
1781789181419099438 ASK 121 170229
1781789181419281519 ASK 122 158918
1781789181419470023 ASK 122 89939
1781789181419618121 ASK 123 109114
1781789181419774444 ASK 123 90750
1781789181419909918 ASK 124 65974
1781789181494807686 ASK 124 272231
1781789181495114251 ASK 109 238598
1781789181502970812 BID 85 106300
1781789181503095707 BID 84 170430
1781789181503413773 BID 84 275767
1781789181503700150 BID 83 164439
1781789181503995935 BID 83 102232
1781789181504019820 ASK 109 257342
1781789181504116872 BID 82 430738
1781789181504304554 ASK 102 464531
1781789181504684236 BID 82 216346
1781789181504920409 BID 81 227416
1781789181505317263 BID 81 67787
1781789181505407412 BID 80 307397
1781789181505856374 BID 80 134322
1781789181506020292 BID 79 239389
1781789181506313462 BID 79 88796
1781789181506429449 BID 78 248541
1781789181506855668 BID 78 95535
1781789181506976560 BID 77 221225
1781789181507261896 BID 77 92434
1781789181507414652 BID 76 204824
1781789181507851552 BID 76 70913
1781789181507943484 BID 75 311053
1781789181508409548 BID 75 218800
1781789181508682350 BID 74 228013
1781789181509042750 BID 74 112156
1781789181509192777 BID 73 292729
1781789181509654773 BID 73 194922
1781789181509918724 BID 72 232271
1781789181510407786 BID 72 69771
1781789181510527250 BID 71 289603
1781789181510939558 BID 71 238282
1781789181511281033 BID 70 233298
1781789181511755874 BID 70 71765
1781789181511855250 BID 69 226686
1781789181512345170 BID 69 73888
1781789181512444857 BID 68 353237
1781789181513069603 BID 68 70272
1781789181513258287 BID 67 190868
1781789181513537521 BID 67 281673
1781789181513884316 BID 66 260910
1781789181514473852 BID 66 64060
1781789181514558010 BID 65 263273
1781789181514993015 BID 65 88166
1781789181515108993 BID 64 292930
1781789181515642089 BID 64 173396
1781789181515840671 BID 63 220979
1781789181516371671 BID 63 82795
1781789181516477910 BID 62 134753
1781789181516723030 BID 62 120436
1781789181516964954 BID 61 81412
1781789181517168385 BID 61 100854
1781789181517293174 BID 60 209839
1781789181517685665 BID 60 178821
1781789181517892058 BID 59 165460
1781789181518339577 BID 59 103284
1781789181518464922 BID 58 252774
1781789181518953424 BID 58 101795
1781789181519082501 BID 57 374317
1781789181519706010 BID 57 79269
1781789181519851763 BID 56 181145
1781789181520236745 BID 56 71534
1781789181520348675 BID 55 122730
1781789181520621918 BID 55 115927
1781789181520754937 BID 54 123862
1781789181520989968 BID 54 83798
1781789181521131514 BID 53 97363
1781789181521378367 BID 53 245240
1781789181521656389 BID 52 122383
1781789181522016118 BID 52 333004
1781789181522406690 BID 86 129783
1781789181556360669 ASK 102 109655
1781789181556521631 ASK 99 256031
1781789181560895779 BID 86 97007
1781789181561027361 BID 93 263425
1781789181602151385 BID 93 269065
1781789181602455806 BID 92 231003
1781789181602715563 BID 92 266721
1781789181603002712 BID 91 178976
1781789181603201415 BID 91 219331
1781789181603476791 BID 90 278011
1781789181603826277 BID 90 91202
1781789181604059584 BID 86 136937
1781789181604747735 ASK 99 90119
1781789181604903928 ASK 97 157946
1781789181713842476 ASK 97 208241
1781789181713969735 BID 86 543880
1781789181714064272 ASK 98 520517
1781789181714535145 BID 85 97573
1781789181714595569 ASK 98 375815
1781789181714642627 BID 85 381055
1781789181714982755 ASK 99 136115
1781789181715033470 BID 84 377087
