1781789232929134449 BID 98 383039
1781789232929210362 ASK 102 41682017
1781789235641109560 BID 98 127890
1781789235641264159 BID 97 437431
1781789235737828342 ASK 102 123872
1781789235737987260 ASK 103 372548
1781789235854843419 BID 97 155722
1781789235855112123 BID 96 108192
1781789235858907431 BID 96 342753
1781789235859272756 BID 97 84639
1781789235909734951 BID 97 118893
1781789235909897686 BID 96 204002
1781789236089043849 BID 96 308198
1781789236089450892 BID 96 179833
1781789236213051065 ASK 103 115242
1781789236213199369 ASK 104 170109
1781789236272434361 BID 96 113823
1781789236272758489 BID 97 504456
1781789236306451431 BID 97 180729
1781789236306672897 BID 96 291366
1781789236395240119 BID 96 405200
1781789236395715691 BID 95 409147
1781789236469472485 ASK 104 148789
1781789236469688741 ASK 100 218289
1781789236538396257 ASK 100 636274
1781789236539052528 ASK 101 287113
1781789236539368615 ASK 101 424887
1781789236539812838 ASK 102 180198
1781789236602989580 ASK 102 118062
1781789236603215765 ASK 103 239779
1781789236603472727 ASK 103 321797
1781789236603865969 ASK 104 261140
1781789236683141845 ASK 104 108443
1781789236683275125 ASK 105 175950
1781789236687312498 ASK 105 83948
1781789236687456508 ASK 101 218730
1781789236692712351 ASK 101 93649
1781789236692831067 ASK 102 216326
1781789236693070687 ASK 102 198653
1781789236693293796 ASK 103 243497
1781789236693551369 ASK 103 392566
1781789236693955407 ASK 104 159279
1781789236808063981 ASK 104 104869
1781789236808200469 ASK 105 202911
1781789236834573974 ASK 105 92984
1781789236834689611 ASK 101 136606
1781789236875082435 ASK 101 48591046
1781789236923704920 ASK 105 127703
1781789236967879767 BID 95 229459
1781789236968240120 BID 94 163627
1781789236993978486 ASK 105 82605
1781789236994075638 ASK 99 440507
1781789237031996521 ASK 99 119854
1781789237032194272 ASK 100 62538
1781789237032267910 ASK 100 114845
1781789237032393485 ASK 101 111780
1781789237269440870 BID 94 79935
1781789237269587440 BID 96 180238
1781789237338102278 ASK 101 97593
1781789237338225559 ASK 104 254067
1781789237338539819 ASK 104 344792
1781789237338896994 ASK 105 405294
1781789237392005446 BID 96 506009
1781789237392422397 BID 94 113713
1781789237392465748 ASK 105 40230410
1781789237432736855 ASK 105 135474
1781789237502014333 BID 94 431439
1781789237502471090 BID 93 290994
1781789237502793983 BID 93 295746
1781789237503104347 BID 92 298515
1781789237503415165 BID 92 313473
1781789237503746371 BID 91 333365
1781789237504134659 BID 91 315132
1781789237504500075 BID 90 271769
1781789237504785360 BID 90 316614
1781789237505114056 BID 89 587036
1781789237505751737 BID 89 235051
1781789237506047382 BID 88 315181
1781789237514897812 ASK 105 170594
1781789237515150310 ASK 93 80621
1781789237567881049 ASK 93 95850
1781789237568002396 ASK 105 131046
1781789237619083271 BID 88 522280
1781789237619449969 ASK 105 584266
1781789237619663199 BID 87 579356
1781789237620189155 ASK 106 127048
1781789237636833042 BID 87 163496
1781789237637194800 BID 93 87054
1781789237666021035 BID 93 395001
1781789237666496717 BID 92 124183
1781789237666763478 BID 92 161483
1781789237667053722 BID 91 78768
1781789237667145605 BID 91 384993
1781789237667547689 BID 90 126988
1781789237667953229 BID 90 173465
1781789237668210913 BID 89 54503
1781789237668276145 BID 89 424155
1781789237668715769 BID 88 184997
1781789237668961270 BID 88 200376
1781789237669220777 BID 87 483618
1781789237688321952 BID 87 419186
1781789237688757599 BID 100 240160
1781789237699320681 BID 100 104040
1781789237699449678 BID 99 111168
1781789237699691161 BID 99 193563
1781789237699918557 BID 98 255690
1781789237700205976 BID 98 181250
1781789237700403407 BID 97 325510
1781789237700748895 BID 97 100598
1781789237700869531 BID 96 139862
1781789237701021035 BID 96 227907
1781789237701390538 BID 95 141034
1781789237701617734 BID 95 150301
1781789237701856151 BID 94 174203
1781789237702054658 BID 94 293751
1781789237702363057 BID 87 145072
1781789237704840708 BID 87 133741
1781789237705071782 BID 91 195717
1781789237752191062 BID 91 193553
1781789237752399814 BID 87 139511
1781789237789256721 ASK 106 128542
1781789237789484959 ASK 101 227467
1781789237803970828 BID 87 81734
1781789237804077749 BID 98 110517
1781789237888710822 ASK 101 103841
1781789237888879935 ASK 106 139000
1781789237892885437 ASK 106 115120
1781789237893132144 ASK 107 313598
1781789237893479375 ASK 107 324870
1781789237893833580 ASK 109 97282
1781789237918947076 ASK 109 317285
1781789237919279810 ASK 105 295635
1781789237968079192 ASK 105 82355
1781789237968182696 ASK 106 199073
1781789237968548332 ASK 106 396073
1781789237968960154 ASK 113 194635
1781789237976555259 ASK 113 158888
1781789237976810849 ASK 106 235162
1781789238009816493 BID 98 647364
1781789238010310880 ASK 106 385733
1781789238010534960 BID 88 471414
1781789238010813893 ASK 107 302067
1781789238011134996 ASK 107 237735
1781789238011397949 ASK 108 132629
1781789238011553501 ASK 108 516613
1781789238012092516 ASK 113 143079
1781789238030822100 BID 88 87059
1781789238030987726 BID 98 92604
1781789238045993300 BID 98 122570
1781789238046140185 BID 97 568180
1781789238046795328 BID 97 265999
1781789238047112083 BID 96 157581
1781789238047294490 BID 96 265699
1781789238047578843 BID 95 276639
1781789238047878244 BID 95 133751
1781789238048027925 BID 94 332118
1781789238048392704 BID 94 287179
1781789238048710380 BID 93 481704
1781789238049222120 BID 93 290815
1781789238049538233 BID 92 223018
1781789238049779796 BID 92 184877
1781789238049990962 BID 91 311729
1781789238050373454 BID 91 108574
1781789238050500973 BID 90 260629
1781789238050785347 BID 90 57147
1781789238050855438 BID 89 498189
1781789238051424911 BID 89 221286
1781789238051683727 BID 88 298890
1781789238078605711 BID 88 43032188
1781789238121671102 BID 85 510026
1781789238122277970 BID 85 464611
1781789238122769642 BID 97 130916
1781789238172967882 BID 97 286919
1781789238173274527 BID 84 174647
1781789238214556203 BID 84 193343
1781789238214592461 ASK 113 318207
1781789238214796173 BID 83 421981
1781789238215022347 ASK 98 343234
1781789238215343399 BID 83 166172
1781789238215560496 BID 82 226515
1781789238215878553 BID 82 114996
1781789238216020329 BID 81 255690
1781789238216533702 BID 81 73638
1781789238216646634 BID 80 383278
1781789238217143035 BID 80 108944
1781789238254434427 BID 76 347862
1781789238313957766 BID 76 120476
1781789238314107797 BID 87 384451
1781789238329797004 BID 87 441418
1781789238329917660 ASK 98 732754
1781789238330269841 BID 93 505548
1781789238330555987 ASK 104 28189651
1781789238358702186 BID 93 61947084
1781789238420685178 BID 84 507181
1781789238445872203 ASK 104 133290
1781789238446080594 ASK 98 72947
1781789238452937869 BID 84 475532
1781789238453306851 ASK 98 153408
1781789238453427407 BID 80 109726
1781789238453473734 ASK 104 2225520
1781789238455616910 BID 80 46066664
1781789238501722116 BID 87 90470
1781789238525799389 BID 87 95799
1781789238526000195 BID 89 55995
1781789238548316486 BID 89 458109
1781789238548717678 ASK 104 278132
1781789238548834728 BID 88 403316
1781789238549017531 ASK 105 465392
1781789238549273951 BID 88 438192
1781789238549504374 ASK 105 533540
1781789238549730347 BID 87 510398
1781789238550064033 ASK 106 490520
1781789238572392822 BID 87 40312303
1781789238612740592 BID 96 116799
1781789238617128612 ASK 106 201078
1781789238617405551 ASK 104 279444
1781789238626877136 BID 96 125154
1781789238627029521 BID 95 231705
1781789238627278969 BID 95 400444
1781789238627759714 BID 94 205542
1781789238628020259 BID 94 143399
1781789238628270960 BID 93 119725
1781789238628481324 BID 93 153468
1781789238628700936 BID 92 175625
1781789238628952894 BID 92 187151
1781789238629161696 BID 91 302047
1781789238629500862 BID 91 100027
1781789238629819469 BID 87 117871
1781789238668163565 ASK 104 433894
1781789238668498944 BID 87 217027
1781789238668670706 ASK 105 444009
1781789238668775262 BID 86 462153
1781789238669130635 ASK 105 361287
1781789238669271900 BID 86 413245
1781789238669539822 ASK 106 347512
1781789238669750788 BID 85 378764
1781789238693151301 BID 85 278072
1781789238693457596 BID 89 143268
1781789238710192994 BID 89 113413
1781789238710455997 BID 96 95920
1781789238771459732 BID 96 734728
1781789238772224967 BID 101 263495
1781789238817212184 BID 101 75847
1781789238817311124 BID 102 133931
1781789238827424352 BID 102 72857
1781789238827517016 BID 101 283757
1781789238827827053 BID 101 261911
1781789238828197377 BID 100 159520
1781789238828387394 BID 100 65953
1781789238828498202 BID 99 338004
1781789238828865521 BID 99 72583
1781789238829227757 BID 96 373431
1781789238861674700 ASK 106 411738
1781789238862108168 ASK 107 104877
1781789238862239375 ASK 107 181040
1781789238862434140 ASK 108 132188
1781789238862584612 ASK 108 117841
1781789238862714496 ASK 109 109575
1781789238862938125 ASK 109 92443
1781789238863047280 ASK 110 239900
1781789238863347453 ASK 110 233939
1781789238863601239 ASK 111 177599
1781789238863804836 ASK 111 214357
1781789238864030464 ASK 112 178976
1781789238864278239 ASK 112 99176
1781789238864554567 ASK 113 68308
1781789238864726680 ASK 113 145523
1781789238865023456 ASK 114 97994
1781789238885161882 ASK 114 697759
1781789238885475680 BID 96 472576
1781789238885882764 ASK 119 213921
1781789238885961030 BID 90 284885
1781789238901920032 ASK 119 120967
1781789238902071146 ASK 110 198482
1781789238929575281 BID 90 164849
1781789238929765197 BID 89 137498
1781789238929916782 BID 89 160831
1781789238930093463 BID 88 121287
1781789238930263282 BID 88 118403
1781789238930395960 BID 87 102483
1781789238930512158 BID 87 269255
1781789238930869899 BID 86 255429
1781789238931147059 BID 86 328616
1781789238931498879 BID 85 315992
1781789238931838115 BID 85 284384
1781789238932137186 BID 84 229315
1781789238932379095 BID 84 250871
1781789238932650584 BID 83 439054
1781789238933115226 BID 83 374743
1781789238933515086 BID 82 634495
1781789238934163527 BID 82 40547138
1781789238974748025 BID 75 893927
1781789238978981030 BID 75 273639
1781789238979285255 BID 84 486312
1781789239042699727 ASK 110 350273
1781789239043069887 ASK 93 191049
1781789239067672590 BID 84 479955
1781789239068185006 BID 83 445265
1781789239068686517 BID 83 327783
1781789239069034447 BID 82 346943
1781789239069406717 BID 82 301376
1781789239069724564 BID 81 309740
1781789239070061195 BID 81 359033
1781789239070446187 BID 80 246943
1781789239070712256 BID 80 248316
1781789239070977243 BID 79 306415
1781789239071310238 BID 79 226625
1781789239071610751 BID 78 302608
1781789239071996114 BID 78 210485
1781789239072220665 BID 77 322134
1781789239072573677 BID 77 267312
1781789239072854995 BID 76 509926
1781789239073384628 BID 76 597120
1781789239073994192 BID 75 141295
1781789239085014124 BID 75 87119
1781789239085128975 BID 89 272872
1781789239088561333 ASK 93 434245
1781789239089022387 ASK 92 123872
1781789239125837696 ASK 92 23380202
1781789239149189494 BID 89 303890
1781789239149229489 ASK 102 679654
1781789239149521016 BID 88 56632487
1781789239206118798 ASK 102 837531
1781789239206168842 BID 88 1108749
1781789239206974994 ASK 103 777057
1781789239207301637 BID 87 761393
1781789239207771528 ASK 103 604850
1781789239208074761 BID 87 661842
1781789239208428436 ASK 104 656612
1781789239208753004 BID 86 669406
1781789239209111426 ASK 104 668566
1781789239209434132 BID 86 550496
1781789239209795141 ASK 105 492856
1781789239210032769 BID 85 577669
1781789239210308937 ASK 105 598202
1781789239210624594 BID 85 549836
1781789239210932837 ASK 106 499467
1781789239211231036 BID 84 534993
1781789239211450338 ASK 106 632706
1781789239211793380 BID 84 613031
1781789239212166200 ASK 107 583820
1781789239212418494 BID 83 553759
1781789239212761131 ASK 107 574773
1781789239212983614 BID 83 419366
1781789239213355210 ASK 108 367610
1781789239213413971 BID 82 642060
1781789239214079003 BID 82 350979
1781789239214455239 BID 81 319814
1781789239214791895 BID 81 257323
1781789239215064576 BID 80 342713
1781789239266509458 BID 80 121939
1781789239266698172 BID 90 119555
1781789239294957254 ASK 108 138580
1781789239295172768 ASK 109 198122
1781789239295384916 ASK 109 51937
1781789239295562790 ASK 110 164959
1781789239295753157 ASK 110 122660
1781789239295906484 ASK 111 172624
1781789239296093375 ASK 111 78247
1781789239296283582 ASK 113 81973
1781789239326053160 BID 90 111299
1781789239326262653 BID 91 70041
1781789239344172273 ASK 113 98325
1781789239344299792 ASK 103 128912
1781789239385277765 ASK 103 433563
1781789239385756744 ASK 104 341364
1781789239386118527 ASK 104 97703
1781789239386266604 ASK 105 306380
1781789239386584766 ASK 105 333225
1781789239386930926 ASK 106 232937
1781789239389761034 BID 91 77716
1781789239389889365 BID 99 170904
1781789239406584367 ASK 106 535824
1781789239407030443 BID 99 370018
1781789239407138606 ASK 107 571000
1781789239407418004 BID 94 671820
1781789239408046894 ASK 107 363732
1781789239408174072 BID 94 622798
1781789239408435573 ASK 108 661391
1781789239408811428 BID 93 566202
1781789239409346963 ASK 108 369994
1781789239409388981 BID 93 971312
1781789239409796406 ASK 109 985027
1781789239410413232 BID 92 920096
1781789239411204537 ASK 109 254578
1781789239411424559 BID 92 498164
1781789239411474272 ASK 110 832101
1781789239412270656 BID 91 180258
1781789239412322543 ASK 110 44398271
1781789239456756992 ASK 101 95308
1781789239466775747 ASK 101 530079
1781789239467343787 ASK 102 256461
1781789239467873200 ASK 102 114976
1781789239468016038 ASK 103 229531
1781789239468419074 ASK 103 79039
1781789239468563956 ASK 104 183224
1781789239468970424 ASK 104 133555
1781789239469180041 ASK 105 178745
1781789239469541068 ASK 105 80149
1781789239469668225 ASK 106 134041
1781789239469888739 ASK 106 187682
1781789239470131674 ASK 107 238898
1781789239470392113 ASK 107 273234
1781789239470686797 ASK 100 166833
1781789239485638947 ASK 100 240902
1781789239485951533 ASK 98 72296
1781789239495238482 BID 91 583478
1781789239495746559 ASK 98 163627
1781789239495836939 BID 90 514094
1781789239495932949 ASK 99 707878
1781789239496937783 ASK 99 109515
1781789239497071103 ASK 100 143670
1781789239497397395 ASK 100 113082
1781789239497536416 ASK 101 201869
1781789239497967615 ASK 101 84809
1781789239498075327 ASK 102 145092
1781789239498330495 ASK 102 76063
1781789239498430803 ASK 103 177844
1781789239498698335 ASK 103 92654
1781789239498812108 ASK 104 168967
1781789239499107232 ASK 104 58960
1781789239499203472 ASK 105 128110
1781789239499452239 ASK 105 149881
1781789239499739267 ASK 106 103214
1781789239500009163 ASK 106 98064
1781789239500132304 ASK 107 188934
1781789239500472552 ASK 107 82996
1781789239500655746 ASK 108 111238
1781789239500934248 ASK 108 89799
1781789239501116650 ASK 109 129313
1781789239501396976 ASK 109 87975
1781789239501508265 ASK 110 786485
1781789239502309768 ASK 110 103234
1781789239546061988 BID 90 94157
1781789239546090963 ASK 98 471670
1781789239546192202 BID 89 623831
1781789239565831592 ASK 98 126577
1781789239565990890 ASK 93 222357
1781789239575894816 BID 89 76083
1781789239576074423 BID 90 80190
1781789239699376086 ASK 93 503915
1781789239700027868 ASK 98 508985
1781789239700513129 BID 90 300724
1781789239700853397 BID 89 663945
1781789239701541257 BID 89 287299
1781789239701844556 BID 88 492894
1781789239702254805 ASK 98 388910
1781789239702672589 ASK 99 284603
1781789239702981678 ASK 99 291237
1781789239703285208 ASK 100 326703
1781789239703629964 ASK 100 340729
1781789239703989318 ASK 101 264637
1781789239704266638 ASK 101 296236
1781789239704607438 ASK 102 370191
1781789239705001523 ASK 102 198026
1781789239705227241 ASK 103 329447
1781789239737074402 BID 88 199254
1781789239737420631 BID 87 320711
1781789239741020828 BID 87 307407
1781789239741348032 BID 88 543645
1781789239758551393 ASK 103 220053
1781789239758623228 BID 88 366818
1781789239758796793 ASK 104 502522
1781789239759024480 BID 87 539331
1781789239759498479 ASK 104 350938
1781789239759579751 BID 87 549511
1781789239759872450 ASK 105 487835
1781789239760286577 BID 86 238998
1781789239760488205 ASK 105 477195
1781789239760540333 BID 86 508934
1781789239760986961 ASK 106 379902
1781789239761094733 BID 85 467166
1781789239761514179 ASK 106 164519
1781789239761619026 BID 85 518881
1781789239761695690 ASK 107 797031
1781789239762212237 BID 84 737471
1781789239762911025 ASK 107 84088
1781789239762961821 BID 84 519494
1781789239763024809 ASK 108 488907
1781789239763493147 BID 83 503346
1781789239763914720 ASK 108 158708
1781789239764028403 BID 83 344356
1781789239764129603 ASK 109 858019
1781789239764870643 BID 75 344636
1781789239765129498 ASK 109 167294
1781789239765316098 ASK 110 73638
1781789239765613586 ASK 110 203244
1781789239765910686 ASK 111 159869
1781789239766204056 ASK 111 142757
1781789239766376459 ASK 112 284153
1781789239766713832 ASK 112 179426
1781789239766919027 ASK 113 308949
1781789239767398544 ASK 113 120478
1781789239767548147 ASK 114 327410
1781789239768022933 ASK 114 88615
1781789239768134742 ASK 115 101480
1781789239768433712 ASK 115 94904
1781789239768588468 ASK 116 286908
1781789239768950146 ASK 116 185408
1781789239769162725 ASK 117 246627
1781789239769557360 ASK 117 171922
1781789239769810685 ASK 118 226595
1781789239770105739 ASK 118 86051
1781789239770219993 ASK 119 162004
1781789239770529604 ASK 119 109309
1781789239770687334 ASK 120 142017
1781789239770986035 ASK 120 99818
1781789239771109807 ASK 121 279874
1781789239771441809 ASK 121 135905
1781789239771634451 ASK 122 122079
1781789239772009544 ASK 122 111189
1781789239772146852 ASK 123 169646
1781789239772445730 ASK 123 153659
1781789239772632270 ASK 124 305816
1781789239773052981 ASK 124 82796
1781789239773156335 ASK 125 239970
1781789239773421262 ASK 125 130745
1781789239834693991 BID 75 118061
1781789239834736250 ASK 127 361319
1781789239834836879 BID 110 507825
1781789239841753443 BID 110 116679
1781789239841926097 BID 121 283572
1781789239899409781 BID 121 112221
1781789239899536869 BID 120 466845
1781789239900032879 BID 120 576210
1781789239900657841 BID 119 180228
1781789239901008559 BID 119 336511
1781789239901361711 BID 110 269516
1781789239939610679 ASK 127 489979
1781789239940170219 ASK 126 260419
1781789239979302012 BID 110 109806
1781789239979439009 BID 109 182241
1781789239979633223 BID 109 189044
1781789239979926914 BID 108 97112
1781789239980116770 BID 108 197671
1781789239980331633 BID 107 429375
1781789239980772901 BID 107 509325
1781789239980951065 ASK 126 565691
1781789239981294489 BID 101 556504
1781789239981615551 ASK 127 36664466
1781789240018214114 BID 101 126016
1781789240018308481 ASK 127 198632
1781789240018350900 BID 115 269295
1781789240018524887 ASK 128 41148537
1781789240059713349 ASK 128 88576
1781789240059939332 ASK 125 266981
1781789240088396360 ASK 125 128381
1781789240088567230 ASK 118 322841
1781789240103335729 BID 115 111569
1781789240103600596 BID 114 157746
1781789240103842540 BID 114 149540
1781789240104011847 BID 113 132599
1781789240104190653 BID 113 59351
1781789240104265142 BID 112 246473
1781789240104526483 BID 112 179516
1781789240104739452 BID 111 161573
1781789240104949897 BID 111 55624
1781789240105016462 BID 110 235892
1781789240105266801 BID 110 185067
1781789240105525436 BID 109 89057
1781789240105667763 BID 109 132409
1781789240105831080 BID 108 183564
1781789240106031355 BID 108 146866
1781789240106195633 BID 107 164649
1781789240106379488 BID 107 106259
1781789240106501467 BID 106 111709
1781789240106629106 BID 106 154290
1781789240106801359 BID 105 79289
1781789240106906376 BID 105 137508
1781789240107122532 BID 104 89578
1781789240107257645 BID 104 268760
1781789240107550881 BID 103 227065
1781789240107795179 BID 103 259291
1781789240108085569 BID 102 245913
1781789240108355988 BID 102 156674
1781789240108790603 BID 101 93305
1781789240163260772 ASK 118 158066
1781789240163475394 ASK 119 355041
1781789240163871513 ASK 119 346956
1781789240164236893 ASK 120 338565
1781789240204695500 ASK 120 217327
1781789240204940159 ASK 117 192471
1781789240210154473 ASK 117 61516
1781789240210246767 ASK 105 214416
1781789240240234084 BID 101 103424
1781789240240429591 BID 100 124133
1781789240240574793 BID 100 507372
1781789240241111710 BID 99 86863
1781789240241222157 BID 99 121648
1781789240241466085 BID 98 104005
1781789240241590889 BID 98 219091
1781789240241823826 BID 97 217218
1781789240242054429 BID 97 197057
1781789240242269700 BID 96 196929
1781789240242604348 BID 96 557797
1781789240243173535 BID 95 222868
1781789240295841970 ASK 105 510979
1781789240296369951 ASK 114 109235
1781789240326665165 ASK 114 96521
1781789240326854621 ASK 109 167494
1781789240352966500 ASK 109 40930312
1781789240393972484 ASK 101 401193
1781789240394389887 ASK 101 174628
1781789240394579864 ASK 102 434706
1781789240395044455 ASK 102 105958
1781789240395290466 ASK 108 95269
1781789240408786003 BID 95 34372057
1781789240443092527 ASK 108 247203
1781789240443178658 BID 88 395582
1781789240443454416 ASK 109 40360654
1781789240483782628 BID 88 163436
1781789240483827733 ASK 109 468839
1781789240484259793 BID 91 369773
1781789240484310879 ASK 96 410760
1781789240537071364 BID 91 115767
1781789240537217698 BID 90 272050
1781789240537566593 BID 90 175088
1781789240537768551 BID 89 112822
1781789240539369214 BID 89 4755910
1781789240544063347 ASK 96 283943
1781789240544141153 BID 81 469411
1781789240544364001 ASK 97 53521458
1781789240597984285 ASK 97 365325
1781789240598519399 ASK 98 345378
1781789240598895744 ASK 98 105699
1781789240599191990 ASK 99 109120
1781789240647931774 ASK 99 108954
1781789240648076706 ASK 100 375204
1781789240648473841 ASK 100 101450
1781789240648585991 ASK 101 136156
1781789240648737265 ASK 101 81643
1781789240648855066 ASK 102 42620
1781789240648907835 ASK 102 393578
1781789240649330497 ASK 103 148369
1781789240649536444 ASK 103 140559
1781789240649704023 ASK 104 280060
1781789240662088571 ASK 104 26185441
1781789240688225662 BID 81 92764
1781789240688289161 ASK 97 224371
1781789240688344835 BID 88 32885390
1781789240721080384 ASK 97 800015
1781789240721844061 BID 88 82284
1781789240721899334 ASK 107 193263
1781789240721936714 BID 102 42126200
1781789240764097689 BID 102 177873
1781789240764450390 BID 88 130174
1781789240775221242 BID 88 80811
1781789240775315900 BID 90 459522
1781789240806179476 ASK 107 176100
1781789240806372168 ASK 105 57968
1781789240847012861 BID 90 116028
1781789240847157523 BID 89 129052
1781789240847313265 BID 89 80410
1781789240847408674 BID 88 568296
1781789240848054545 BID 88 110197
1781789240848441822 BID 82 112089
1781789240855616668 BID 82 693751
1781789240855694975 ASK 105 725601
1781789240856363288 BID 83 515978
1781789240856434232 ASK 102 740018
1781789240910356676 BID 83 319639
1781789240910713275 BID 82 210304
1781789240910994312 BID 82 101069
1781789240911297050 BID 81 69480
1781789240911380566 BID 81 362600
1781789240911809621 BID 80 160982
1781789240912088264 BID 80 137648
1781789240912253704 BID 79 184686
1781789240912614320 BID 79 139657
1781789240912793752 BID 78 120526
1781789240913023252 BID 78 108954
1781789240913153456 BID 77 261491
1781789240913443080 BID 77 84399
1781789240913616896 BID 76 246532
1781789240913888936 BID 76 137347
1781789240914113988 BID 75 134632
1781789240914269069 BID 75 171822
1781789240914511403 BID 74 122821
1781789240914702572 BID 74 135815
1781789240914867171 BID 73 129252
1781789240924275762 BID 73 284183
1781789240924578119 BID 95 612349
1781789240925229150 ASK 102 128461
1781789240925409559 ASK 103 339687
1781789240925790563 ASK 103 325551
1781789240926136352 ASK 104 493225
1781789241024160557 BID 95 207269
1781789241024187838 ASK 104 356489
1781789241024427057 BID 101 341089
1781789241024601955 ASK 117 410349
1781789241025122030 ASK 117 104626
1781789241025249639 ASK 118 238928
1781789241025544793 ASK 118 95651
1781789241025699706 ASK 119 249951
1781789241026203092 ASK 119 87745
1781789241026315022 ASK 120 171922
1781789241026689254 ASK 120 217909
1781789241026945024 ASK 121 208200
1781789241027296964 ASK 121 156694
1781789241027496167 ASK 122 96140
1781789241027728393 ASK 122 126296
1781789241027874336 ASK 123 227387
1781789241028446289 ASK 123 157135
1781789241028622089 ASK 124 182933
1781789241029043349 ASK 124 268294
1781789241029370864 ASK 125 85480
1781789241029715991 ASK 125 205085
1781789241030102736 ASK 126 93215
1781789241030337957 ASK 126 105263
1781789241030519022 ASK 127 83276
1781789241030822462 ASK 127 80861
1781789241030924753 ASK 128 198918
1781789241031266900 ASK 128 80370
1781789241031368991 ASK 129 184647
1781789241031756959 ASK 129 70111
1781789241031850985 ASK 130 196829
1781789241032304836 ASK 130 125085
1781789241032462632 ASK 131 245250
1781789241032817778 ASK 131 77105
1781789241032916323 ASK 132 256551
1781789241033439765 ASK 132 182512
1781789241033634921 ASK 133 180669
1781789241033975189 ASK 133 423594
1781789241034410024 ASK 134 92053
1781789241034815551 ASK 134 174220
1781789241035021110 ASK 135 324534
1781789241035606023 ASK 135 126101
1781789241035760007 ASK 136 205621
1781789241036234013 ASK 136 95902
1781789241036348400 ASK 137 191986
1781789241036795074 ASK 137 87604
1781789241036906422 ASK 138 318818
1781789241037399987 ASK 138 105413
1781789241037655451 ASK 139 65854
1781789241037955334 ASK 139 201107
1781789241038184374 ASK 140 273372
1781789241038549949 ASK 140 239354
1781789241038827895 ASK 141 308394
1781789241039404943 ASK 141 90469
1781789241039589268 ASK 142 359885
1781789241039962869 ASK 142 65483
1781789241066703699 ASK 112 151143
1781789241128841791 BID 101 139287
1781789241129056269 BID 100 69470
1781789241129214305 BID 100 85080
1781789241129422165 BID 99 115006
1781789241129556397 BID 99 190307
1781789241129758145 BID 98 114625
1781789241129963721 BID 98 114474
1781789241130191788 BID 97 85190
1781789241130339876 BID 97 206808
1781789241130560680 BID 96 69571
1781789241131400355 BID 96 435517
1781789241131430031 ASK 112 508013
1781789241131863013 BID 95 193012
1781789241131953723 ASK 102 382788
1781789241150401462 ASK 102 104567
1781789241150532839 ASK 103 171742
1781789241150722946 ASK 103 62116
1781789241150798067 ASK 104 120926
1781789241150935304 ASK 104 110958
1781789241151060018 ASK 105 137868
1781789241151221411 ASK 105 208751
1781789241151448006 ASK 106 107972
1781789241151679249 ASK 106 103044
1781789241151813411 ASK 107 190167
1781789241205246327 ASK 107 475743
1781789241205865929 ASK 108 129442
1781789241206012644 ASK 108 189385
1781789241206220384 ASK 109 125545
1781789241206390914 ASK 109 399088
1781789241206736953 BID 95 323305
1781789241206810050 ASK 110 397505
1781789241207081108 BID 103 474991
1781789241207266816 ASK 110 346099
1781789241207630638 ASK 111 103735
1781789241207752587 ASK 111 307376
1781789241208081384 ASK 112 158929
1781789241223655124 ASK 112 416015
1781789241223997190 BID 103 375624
1781789241224101145 ASK 113 496576
1781789241224389786 BID 102 545203
1781789241224614062 ASK 113 701857
1781789241224953795 BID 102 600991
1781789241225343861 ASK 114 624459
1781789241225581767 BID 101 725290
1781789241226011160 ASK 114 567286
1781789241226348325 BID 101 528551
1781789241226600027 ASK 115 561443
1781789241226896793 BID 100 535174
1781789241227181447 ASK 115 656397
1781789241227446043 BID 100 711786
1781789241227885373 ASK 116 433688
1781789241228175462 BID 99 497793
1781789241228340110 ASK 116 691988
1781789241228704524 BID 99 616992
1781789241229059400 ASK 117 480496
1781789241229381569 BID 98 468179
1781789241229561085 ASK 117 629256
1781789241229868091 BID 98 490345
1781789241230208404 ASK 118 587102
1781789241230380788 BID 97 703349
1781789241230807588 ASK 118 566162
1781789241231099766 BID 97 635081
1781789241231400350 ASK 119 647114
1781789241231753132 BID 96 547476
1781789241232329252 BID 96 452216
1781789241232902936 BID 95 196160
1781789241265690733 BID 95 584692
1781789241266233997 ASK 119 485466
1781789241266317113 BID 94 694227
1781789241266741625 ASK 108 598827
1781789241267028032 BID 94 570158
1781789241267632364 BID 93 229541
1781789241267935062 BID 93 207595
1781789241268182252 BID 92 277100
1781789241268483026 BID 92 291180
1781789241268790216 BID 91 283983
1781789241269086232 BID 91 283160
1781789241269397896 BID 90 230577
1781789241269674339 BID 90 181340
1781789241269968401 BID 89 188463
1781789241270172333 BID 89 290679
1781789241270514538 BID 88 185638
1781789241270713772 BID 88 212138
1781789241270996723 BID 87 202920
1781789241271222516 BID 87 353471
1781789241271599331 BID 86 117614
1781789241271790765 BID 86 434505
1781789241272250196 BID 85 318838
1781789241272595143 BID 85 277806
1781789241272889270 BID 84 213170
1781789241273126034 BID 84 336982
1781789241273558105 BID 83 270539
1781789241273864842 BID 83 290286
1781789241274175567 BID 82 321764
1781789241274553546 BID 82 276844
1781789241274867950 BID 81 302558
1781789241275216194 BID 81 346045
1781789241275596091 BID 80 371462
1781789241275980568 BID 80 193934
1781789241276196082 BID 79 342948
1781789241276556322 BID 79 419012
1781789241276999910 BID 78 387717
1781789241277429726 BID 78 224521
1781789241277671489 BID 77 358894
1781789241278050350 BID 77 239604
1781789241278305433 BID 76 426439
1781789241278764283 BID 76 303504
1781789241279126818 BID 75 208045
1781789241279364429 BID 75 318267
1781789241279697404 BID 74 388057
1781789241280101722 BID 74 136406
1781789241280256102 BID 73 307316
1781789241280577685 BID 73 210504
1781789241280835879 BID 72 290575
1781789241281152943 BID 72 209553
1781789241281444781 BID 71 202289
1781789241281668129 BID 71 81553
1781789241282066567 BID 70 96641
1781789241292818328 ASK 108 90560
1781789241292935227 ASK 109 180398
1781789241293131716 ASK 109 86522
1781789241293401872 ASK 119 229054
1781789241323714144 ASK 119 150513
1781789241323943695 ASK 93 130014
1781789241389194761 BID 70 204544
1781789241389462032 BID 80 266851
1781789241412987866 BID 80 373871
1781789241413215904 ASK 93 900920
1781789241413439193 BID 82 827983
1781789241414134748 ASK 110 31251794
1781789241445084906 BID 82 393478
1781789241445409445 ASK 110 147617
1781789241445491168 BID 82 258696
1781789241445589443 ASK 111 14253603
1781789241459794825 BID 82 112631
1781789241459859106 ASK 111 439073
1781789241459943695 BID 85 536326
1781789241460351810 ASK 112 11906411
1781789241472221252 BID 85 71253
1781789241472270123 ASK 112 194475
1781789241472305680 BID 89 412223
1781789241472530241 ASK 113 12698316
1781789241485152946 BID 89 140043
1781789241485250228 ASK 113 173455
1781789241485312314 BID 108 499587
1781789241485450624 ASK 114 40480944
1781789241526028379 ASK 114 193072
1781789241527802276 ASK 118 114435
1781789241542093991 BID 108 159008
1781789241542284528 BID 107 118923
1781789241542507356 BID 107 112992
1781789241542636849 BID 106 219241
1781789241542881778 BID 106 256261
1781789241543233949 BID 105 257844
1781789241543508324 BID 105 79679
1781789241543794711 BID 97 113202
1781789241579470312 BID 97 615795
1781789241580112186 BID 101 74249
1781789241607416457 ASK 118 92093
1781789241607559305 ASK 119 259206
1781789241675821074 ASK 119 260960
1781789241676116799 ASK 107 267992
1781789241696092474 BID 101 102132
1781789241696230613 BID 100 202831
1781789241696476184 BID 100 251481
1781789241696917081 BID 99 215544
1781789241697147723 BID 99 133891
1781789241697338151 BID 98 76995
1781789241697516786 BID 98 245320
1781789241697777224 BID 89 90440
1781789241699070329 BID 89 145493
1781789241699278820 BID 88 474210
1781789241707183897 ASK 107 205325
1781789241707420410 ASK 108 350818
1781789241707792609 ASK 108 86392
1781789241707893327 ASK 109 258906
1781789241708164987 ASK 109 281097
1781789241708469047 ASK 110 277080
1781789241708782615 ASK 110 451502
1781789241709260066 ASK 111 164378
1781789241709439693 ASK 111 229215
1781789241709701388 ASK 112 299011
1781789241710123139 ASK 112 323567
1781789241710474218 ASK 113 292388
1781789241710780091 ASK 113 331287
1781789241711164077 ASK 114 171858
1781789241711358356 ASK 114 266730
1781789241711678156 ASK 115 297278
1781789241711990121 ASK 115 343765
1781789241712358853 ASK 116 264967
1781789241712646042 ASK 116 362950
1781789241713072171 ASK 117 62938
1781789241713147592 ASK 117 280867
1781789241713445401 ASK 118 139521
1781789241723585559 ASK 118 156624
1781789241723823024 ASK 117 143028
1781789241725468470 ASK 117 64541
1781789241725553269 ASK 107 334408
1781789241766726272 BID 88 165451
1781789241767057563 BID 89 83196
1781789241771245518 ASK 107 104977
1781789241771383266 ASK 101 448932
1781789241809946102 ASK 101 339547
1781789241810129607 BID 89 369063
1781789241810305817 ASK 102 635620
1781789241810514058 BID 88 781786
1781789241811035273 ASK 102 552468
1781789241811316062 BID 88 415649
1781789241811644899 ASK 103 290004
1781789241811748132 BID 87 598282
1781789241811982572 ASK 103 539231
1781789241812364749 BID 87 548719
1781789241812535900 ASK 104 588173
1781789241813020849 BID 86 288391
1781789241813229310 ASK 104 299852
1781789241813363913 BID 86 617820
1781789241813617378 ASK 105 606778
1781789241813997351 BID 85 503823
1781789241814237231 ASK 105 525904
1781789241814532573 BID 85 420849
1781789241814810885 ASK 106 522667
1781789241814975353 BID 84 559086
1781789241815358359 ASK 106 565425
1781789241815559456 BID 84 726693
1781789241815943391 ASK 107 678427
1781789241816300656 BID 83 604333
1781789241816956897 BID 83 254603
1781789241817231116 BID 82 292937
1781789241817620064 BID 82 410069
1781789241818050501 BID 81 391095
1781789241818499314 BID 81 61215
1781789241818687287 BID 80 213490
1781789241832085526 BID 80 242365
1781789241832363167 BID 88 323987
1781789241854370157 ASK 107 117365
1781789241854574425 ASK 108 432912
1781789241855037003 ASK 108 110718
1781789241855360838 ASK 117 77916
1781789241856202595 ASK 117 490931
1781789241856361973 BID 88 543710
1781789241856719294 ASK 118 389491
1781789241857005260 BID 87 154359
1781789241857138109 ASK 118 261000
1781789241857299181 BID 87 502292
1781789241857500699 ASK 119 383289
1781789241857817984 BID 86 99006
1781789241857944301 BID 86 471835
1781789241857967545 ASK 119 520065
1781789241858436735 BID 85 258916
1781789241858503039 ASK 120 332434
1781789241858721199 BID 85 313558
1781789241858951009 ASK 120 239800
1781789241859134544 BID 84 152175
1781789241859201740 ASK 121 260773
1781789241859298381 BID 84 434094
1781789241859697459 ASK 121 251556
1781789241859747814 BID 83 407588
1781789241859968271 ASK 122 780825
1781789241860174869 BID 83 621185
1781789241860767691 ASK 122 293400
1781789241860812024 BID 82 490916
1781789241861091538 ASK 123 465919
1781789241861361049 BID 82 476323
1781789241861805883 ASK 123 305062
1781789241861849054 BID 81 368140
1781789241862195023 ASK 124 341841
1781789241862270284 BID 81 420023
1781789241862737375 BID 80 277711
1781789241862761771 ASK 124 360165
1781789241863151983 ASK 125 262392
1781789241863583021 ASK 125 172203
1781789241863867565 ASK 126 355416
1781789241864241927 ASK 126 111910
1781789241933258681 BID 80 74430
1781789241933312713 ASK 112 391083
1781789241933395438 BID 104 539351
1781789242072949509 ASK 112 361498
1781789242073324984 ASK 126 116729
1781789242077990755 ASK 126 142197
1781789242078300105 ASK 119 128341
1781789242106509644 ASK 119 196048
1781789242106844552 ASK 117 151784
1781789242129986566 BID 104 97173
1781789242130114105 BID 103 299201
1781789242139010160 BID 103 127053
1781789242139175575 BID 102 331351
1781789242139528336 BID 102 162495
1781789242139757937 BID 101 179687
1781789242149708525 BID 101 41110707
1781789242190857032 BID 93 98936
1781789242217153523 ASK 117 495419
1781789242217205680 BID 93 813325
1781789242217673658 ASK 111 56283482
1781789242350884551 BID 85 102267
1781789242350911392 ASK 111 287403
1781789242351266002 ASK 100 188023
1781789242377865461 BID 85 157345
1781789242378058222 BID 88 266636
1781789242399370019 BID 88 145582
1781789242399616952 BID 91 144181
1781789242442916904 ASK 100 135915
1781789242443079339 ASK 95 92754
1781789242465261839 BID 91 244648
1781789242465541533 BID 90 250441
1781789242465928309 BID 90 131307
1781789242466180212 BID 89 86863
1781789242466284858 BID 89 116108
1781789242466413960 BID 88 173566
1781789242535936758 BID 88 140589
1781789242536111551 BID 87 313418
1781789242536440117 BID 87 259247
1781789242536789819 BID 86 213160
1781789242537023136 BID 86 237616
1781789242537288083 BID 85 223729
1781789242537529927 BID 85 160251
1781789242537718099 BID 84 310078
1781789242538042103 BID 84 337217
1781789242538395701 BID 83 99646
1781789242538510205 BID 83 380744
1781789242538962143 BID 82 223930
1781789242539974732 BID 82 228879
1781789242540230381 BID 91 297017
1781789242557635206 ASK 95 42191783
1781789242599879537 ASK 111 152526
1781789242610855880 BID 91 226003
1781789242611041127 ASK 111 300323
1781789242611106039 BID 90 408306
1781789242611364043 ASK 119 334627
1781789242611533741 BID 90 24515921
1781789242635999107 ASK 119 105097
1781789242636073266 BID 82 381515
1781789242636118942 ASK 98 8008420
1781789242644082488 BID 82 41566560
1781789242685683983 BID 82 83657
1781789242722497373 BID 82 279845
1781789242722803928 BID 87 280305
1781789242731835412 ASK 98 111710
1781789242731976176 ASK 99 242788
1781789242732337426 ASK 99 197911
1781789242732721557 ASK 100 452442
1781789242733201810 ASK 100 138259
1781789242733366569 ASK 101 304571
1781789242733698692 ASK 101 150002
1781789242733897294 ASK 102 224070
1781789242734145830 ASK 102 195807
1781789242734395007 ASK 103 252709
1781789242734670900 ASK 103 208927
1781789242734905044 ASK 104 284113
1781789242735212531 ASK 104 199664
1781789242735426081 ASK 105 284313
1781789242735726304 ASK 105 206468
1781789242735959832 ASK 106 149220
1781789242736140221 ASK 106 220008
1781789242736413057 ASK 107 176206
1781789242736619360 ASK 107 267341
1781789242736965358 ASK 108 336060
1781789242737327167 ASK 108 222417
1781789242737564723 ASK 109 355256
1781789242737949354 ASK 109 135915
1781789242738127979 ASK 110 321653
1781789242738580728 ASK 110 139832
1781789242738741029 ASK 111 259762
1781789242739018193 ASK 111 399004
1781789242739445440 ASK 112 272862
1781789242739848466 ASK 112 102978
1781789242739968597 ASK 113 349149
1781789242740336040 ASK 113 590052
1781789242741027723 ASK 114 76824
1781789242741217168 ASK 114 125946
1781789242741364845 ASK 115 236606
1781789242741623773 ASK 115 322968
1781789242741959345 ASK 116 416431
1781789242742388029 ASK 116 898946
1781789242743059107 BID 87 459322
1781789242743341838 ASK 119 600145
1781789242743534790 BID 86 561673
1781789242744179849 BID 86 266640
1781789242744501352 BID 85 118733
1781789242744637247 BID 85 285426
1781789242745048709 BID 84 89297
1781789242745210793 BID 84 479950
1781789242745729987 BID 83 143579
1781789242745899855 BID 83 238748
1781789242746223062 BID 82 136096
1781789242785778119 BID 82 80841
1781789242785870121 BID 87 42500
1781789242826254033 BID 87 162365
1781789242826621903 BID 90 121358
1781789242832911971 BID 90 117210
1781789242833052825 BID 106 105718
1781789242864941203 BID 106 276196
1781789242865255330 BID 108 387139
1781789242871911056 BID 108 91311
1781789242872055236 BID 112 164919
1781789242893993152 ASK 119 128691
1781789242894252658 ASK 116 80742
1781789242901770268 BID 112 158888
1781789242902016379 BID 111 145914
1781789242902216194 BID 111 169368
1781789242902443070 BID 110 267702
1781789242902732613 BID 110 319359
1781789242903077520 BID 109 307367
1781789242903416505 BID 109 226305
1781789242903675261 BID 108 86522
1781789242918981302 ASK 116 117791
1781789242919168203 ASK 117 87444
1781789242919423442 ASK 117 199704
1781789242919741598 ASK 118 333170
1781789242920151082 ASK 118 150312
1781789242920504194 ASK 119 144170
1781789242953048000 BID 108 104305
1781789242953280255 BID 112 90770
1781789242958629280 BID 112 178284
1781789242958838753 BID 111 167083
1781789242959077200 BID 111 89398
1781789242959184712 BID 110 202219
1781789242959401108 BID 110 265938
1781789242959785048 BID 109 242873
1781789242960057166 BID 109 229550
1781789242960356868 BID 108 243366
1781789243050045386 BID 108 120621
1781789243050195141 BID 106 313619
1781789243106926078 ASK 119 94818
1781789243107041284 ASK 111 267482
1781789243133820661 BID 106 379792
1781789243134213728 BID 105 354194
