1781789304918046825 BID 98 198252
1781789304918092140 ASK 102 41690327
1781789306405212303 ASK 102 125215
1781789306405368626 ASK 101 160121
1781789306417593280 ASK 101 1711681
1781789306419389078 ASK 102 647214
1781789306447944055 BID 98 125516
1781789306448169007 BID 99 614944
1781789306475778646 BID 99 174247
1781789306476052239 BID 98 771137
1781789306481784441 BID 98 221656
1781789306482075056 BID 97 966482
1781789306529217930 BID 97 188503
1781789306529491743 BID 96 581290
1781789306537645516 ASK 102 1064818
1781789306538856748 ASK 103 514094
1781789306561230532 BID 96 230482
1781789306561539041 BID 95 340488
1781789306572119329 BID 95 245581
1781789306572430152 BID 100 631560
1781789306579618430 BID 100 399058
1781789306580100895 BID 99 1053726
1781789306581259688 BID 99 357220
1781789306581737414 BID 98 469821
1781789306582226522 BID 98 1190863
1781789306583537931 BID 96 502202
1781789306588521398 BID 96 131106
1781789306588803036 BID 95 171853
1781789306597458941 ASK 103 124854
1781789306597735079 ASK 100 381726
1781789306601136768 ASK 100 639700
1781789306601840699 ASK 103 597390
1781789306616980064 ASK 103 1680001
1781789306618745595 ASK 104 1445682
1781789306621321807 BID 95 383639
1781789306621777231 BID 94 610846
1781789306624321042 BID 94 1466160
1781789306625878203 BID 97 589125
1781789306629046495 BID 97 1044008
1781789306630128024 BID 96 723817
1781789306634446910 BID 96 565530
1781789306635092691 BID 95 964749
1781789306636130177 BID 95 1032456
1781789306637239567 BID 94 674475
1781789306644814289 ASK 104 191899
1781789306645094915 ASK 103 575880
1781789306647651550 ASK 103 1452604
1781789306649174998 ASK 104 970641
1781789306654337199 ASK 104 1024181
1781789306655423887 ASK 103 925156
1781789306659685601 ASK 103 864411
1781789306660649619 ASK 104 1713093
1781789306663505666 BID 94 211025
1781789306663784899 BID 99 728346
1781789306672421508 BID 99 2810641
1781789306674875160 BID 94 2276479
1781789306674957915 ASK 104 5927988
1781789306680850216 BID 94 1486077
1781789306680903546 ASK 101 2512413
1781789306682395664 BID 93 2893207
1781789306685109334 ASK 101 4208323
1781789306689159460 BID 93 2327406
1781789306689408267 ASK 102 3759351
1781789306691515299 BID 92 3073224
1781789306693936400 ASK 102 16783544
1781789306710683105 BID 92 1563282
1781789306710732848 ASK 101 2606008
1781789306712353979 BID 91 41342685
1781789306753729005 BID 91 832571
1781789306754706749 BID 96 982833
1781789306776495454 BID 96 1530290
1781789306778127665 BID 95 2365803
1781789306780056784 ASK 101 1644030
1781789306780515660 BID 95 2676635
1781789306781729697 ASK 102 2630067
1781789306783215599 BID 94 2340589
1781789306784388598 ASK 102 2382119
1781789306785607995 BID 94 2367501
1781789306786797016 ASK 103 2483077
1781789306788009399 BID 93 2600528
1781789306789302856 ASK 103 2922010
1781789306790634623 BID 93 3092491
1781789306792247248 ASK 104 3142594
1781789306793751950 BID 92 2909693
1781789306796689906 BID 92 1324975
1781789306798039537 BID 97 1478303
1781789306800313517 BID 97 1899121
1781789306802242274 BID 96 1187954
1781789306809762996 BID 96 1692227
1781789306811530044 BID 97 2186797
1781789306813827719 BID 97 2148223
1781789306816056183 BID 96 1215339
1781789306819258920 ASK 104 1520281
1781789306820807073 ASK 105 2455005
1781789306826312529 ASK 105 1711551
1781789306828049137 ASK 102 2917031
1781789306830413061 BID 96 1763116
1781789306832278970 BID 95 2202400
1781789306836410499 ASK 102 1720146
1781789306837617854 BID 95 1691993
1781789306838226134 ASK 103 2340650
1781789306839457804 BID 95 2468720
1781789306840658827 ASK 103 2467988
1781789306843161290 ASK 104 2325392
1781789306845553387 ASK 104 2300745
1781789306847967645 ASK 105 1235738
1781789306851047482 ASK 105 1576226
1781789306852824003 ASK 104 2175651
1781789306860705556 BID 95 2267623
1781789306860736474 ASK 104 3473344
1781789306863002344 BID 94 2536206
1781789306864236959 ASK 105 2677891
1781789306865707327 BID 94 2632628
1781789306868367566 BID 101 1364710
1781789306879223598 ASK 105 1617163
1781789306880928846 ASK 106 1915903
1781789306881838332 BID 101 2071675
1781789306884071640 BID 101 1210811
1781789306896775237 BID 101 1801989
1781789306898609928 BID 100 1216452
1781789306899855104 BID 100 1122555
1781789306901009919 BID 99 1218285
1781789306902257970 BID 99 1182949
1781789306903467509 BID 98 1285872
1781789306904787805 BID 98 23378989
1781789306928127821 ASK 106 608711
1781789306928327896 BID 92 1705649
1781789306928815381 ASK 97 8342668
1781789306937126980 BID 92 658424
1781789306937170501 ASK 97 3486305
1781789306937813096 BID 91 4350676
1781789306940895954 ASK 98 5167436
1781789306945900345 BID 91 1835923
1781789306946207080 ASK 98 2782899
1781789306947273550 ASK 107 42498889
1781789306947797974 BID 94 42015152
1781789306989828805 BID 94 127269
1781789306990895737 BID 92 516699
1781789306993795826 BID 92 1863840
1781789306995818775 BID 91 1398037
1781789306997281854 BID 91 2884340
1781789307000238069 BID 94 2738666
1781789307003032700 BID 94 2977154
1781789307005325631 ASK 107 2059633
1781789307006099682 BID 93 3149888
1781789307007546355 ASK 108 3040203
1781789307009289656 BID 93 2893326
1781789307012257322 BID 95 2841920
1781789307013204668 ASK 108 3393179
1781789307016727120 ASK 109 1297839
1781789307020425892 BID 95 1942914
1781789307022453134 BID 99 1346736
1781789307023844975 BID 99 2766438
1781789307026795759 BID 101 1393103
1781789307035552132 ASK 109 615585
1781789307036210096 ASK 106 1554797
1781789307039969528 ASK 106 517430
1781789307040560846 ASK 107 1497088
1781789307042180675 ASK 107 2393355
1781789307044647827 ASK 108 2403022
1781789307047119127 ASK 108 2433424
1781789307049587106 ASK 109 1459708
1781789307083621610 BID 101 1997166
1781789307085717972 BID 100 2431901
1781789307088278625 BID 100 1797621
1781789307090102916 BID 99 2522461
1781789307094762405 ASK 109 529523
1781789307095328076 ASK 108 2710775
1781789307101746585 ASK 108 1734032
1781789307103511194 ASK 104 1225919
1781789307116113060 BID 99 1586636
1781789307117824500 BID 98 1201894
1781789307119056180 BID 98 1332389
1781789307120450676 BID 97 1493351
1781789307122008938 BID 97 1162881
1781789307123243443 BID 96 1500164
1781789307124821183 BID 96 3010265
1781789307127963386 BID 95 1383715
1781789307129423434 BID 95 2612120
1781789307132117918 BID 98 1648743
1781789307133790515 BID 98 1284189
1781789307135147591 BID 97 1170505
1781789307136344695 BID 97 1332510
1781789307137709015 BID 96 1251828
1781789307139013441 BID 96 1355111
1781789307140395954 BID 95 1425624
1781789307143825262 BID 95 1691386
1781789307145581219 BID 98 1431164
1781789307149282471 BID 98 1515653
1781789307150836306 BID 97 2430638
1781789307153311608 BID 97 1371142
1781789307154736180 BID 96 2622980
1781789307156854674 ASK 104 1694478
1781789307158571263 ASK 103 1509712
1781789307165853181 ASK 103 1720907
1781789307167691398 ASK 104 1472522
1781789307169189207 ASK 104 1388956
1781789307170604412 ASK 105 1319915
1781789307175530311 BID 96 675507
1781789307176281931 BID 95 2789888
1781789307178503027 ASK 105 2054733
1781789307180626990 ASK 105 1378085
1781789307181483787 BID 95 2108830
1781789307183176622 ASK 105 1786210
1781789307183700760 BID 98 2747839
1781789307185077046 ASK 105 2637868
1781789307186493443 BID 98 2376387
1781789307188925164 BID 100 2288026
1781789307194493938 ASK 105 1725898
1781789307196261374 ASK 106 1301420
1781789307201745590 ASK 106 20690545
1781789307222398715 BID 100 658385
1781789307222527126 ASK 110 2983736
1781789307223128755 BID 99 5608409
1781789307228683443 ASK 110 1827037
1781789307228752933 BID 99 3051584
1781789307230560864 ASK 111 2602642
1781789307231923380 BID 98 3459719
1781789307235241353 ASK 111 1751164
1781789307235479880 BID 98 2661196
1781789307237061096 ASK 107 2263991
1781789307238223701 BID 97 9282225
1781789307247469408 ASK 107 632437
1781789307247549067 BID 97 1991284
1781789307248173027 ASK 108 3768558
1781789307249566280 BID 96 3647035
1781789307252017477 ASK 108 4759608
1781789307256717373 BID 96 1685131
1781789307256838780 ASK 103 2716240
1781789307258494786 BID 95 2261377
1781789307259613660 ASK 103 7123315
1781789307266610498 BID 95 1789076
1781789307266775557 ASK 104 2979859
1781789307268420572 BID 96 2899840
1781789307270026875 ASK 104 3584127
1781789307273485176 BID 96 1641524
1781789307273746617 ASK 99 2598458
1781789307275195840 BID 95 2407285
1781789307276366836 ASK 99 6690649
1781789307283027559 BID 95 1464061
1781789307283069097 ASK 103 2552588
1781789307284558525 BID 95 27911751
1781789307312339771 ASK 103 41445529
1781789307312589469 BID 95 41349850
1781789307353904393 ASK 106 1374909
1781789307353958194 BID 98 2551120
1781789307362281445 BID 98 13671136
1781789307375922295 ASK 106 588609
1781789307375964604 BID 94 1695039
1781789307376536542 ASK 105 6272825
1781789307382773599 BID 94 8148389
1781789307390852798 ASK 105 1700800
1781789307390936956 BID 93 2918458
1781789307392582643 ASK 99 3384803
1781789307395834927 BID 93 7141434
1781789307402887374 ASK 99 1515482
1781789307402992561 BID 90 2595098
1781789307404491262 ASK 101 21067819
1781789307425521020 BID 90 3378266
1781789307428869951 ASK 101 1532384
1781789307428957746 BID 89 2535478
1781789307430480742 ASK 102 26975099
1781789307457421206 BID 89 18510348
1781789307475878244 ASK 102 518702
1781789307476086624 BID 88 1401860
1781789307476461347 ASK 104 6478230
1781789307482639976 BID 88 1545718
1781789307482976657 ASK 104 2543851
1781789307484210461 BID 88 2938161
1781789307485735361 ASK 105 16387306
1781789307502044120 BID 88 35244845
1781789307537257104 ASK 105 1707809
1781789307537300726 BID 88 2857610
1781789307538988768 ASK 106 4374535
1781789307543307448 BID 88 1620088
1781789307544553098 ASK 106 1563378
1781789307544956431 BID 87 2320091
1781789307546144198 ASK 91 17561723
1781789307563523549 BID 87 4917453
1781789307568378214 ASK 91 438177
1781789307568459737 BID 88 1635627
1781789307568845305 ASK 92 3895992
1781789307572327296 BID 88 2720743
1781789307575008024 ASK 92 1754321
1781789307575077594 BID 87 2940144
1781789307576789665 ASK 93 35952937
1781789307612662662 BID 87 1627242
1781789307612769102 ASK 93 2681515
1781789307613775850 ASK 104 2917943
1781789307614316334 BID 86 3491394
1781789307616724080 ASK 104 30650804
1781789307647302598 BID 86 2070363
1781789307647446868 ASK 97 3082762
1781789307649395013 BID 85 6927994
1781789307656292198 ASK 97 1728622
1781789307656334548 BID 85 2995869
1781789307658071636 ASK 93 2609294
1781789307659353981 BID 88 10081979
1781789307669396657 ASK 93 556974
1781789307669532141 BID 88 1589405
1781789307669980632 ASK 97 2299002
1781789307671147715 BID 90 17927113
1781789307689040073 ASK 97 41770654
1781789307689088725 BID 90 41782536
1781789307730841064 ASK 100 128120
1781789307730881059 BID 83 1438276
1781789307734245690 BID 83 1575084
1781789307735848977 BID 84 2180158
1781789307739863336 ASK 100 478297
1781789307740365868 ASK 93 1255045
1781789307747392708 BID 84 1533235
1781789307748955709 BID 88 1132494
1781789307754253215 ASK 93 354152
1781789307754636071 ASK 94 1147101
1781789307758950844 ASK 94 303870
1781789307759392212 ASK 95 1065268
1781789307760668545 ASK 95 2002894
1781789307762730910 ASK 96 2063361
1781789307764917141 ASK 96 2297870
1781789307766902495 BID 88 1469930
1781789307767236331 ASK 97 2237399
1781789307768536622 BID 87 1953765
1781789307770602717 BID 87 982984
1781789307771727607 BID 86 853140
1781789307772881762 BID 86 777525
1781789307773824177 BID 85 977514
1781789307774848237 BID 85 2174402
1781789307777103651 BID 84 2071676
1781789307784255083 BID 84 274054
1781789307784647820 BID 93 984967
1781789307791658436 ASK 97 7543093
1781789307799162135 BID 93 1606303
1781789307799301386 ASK 100 2509036
1781789307800792443 BID 92 3190189
1781789307801868130 ASK 100 2269101
1781789307803637113 ASK 103 41083836
1781789307804014591 BID 92 40778794
1781789307844867474 BID 89 1178030
1781789307846094225 BID 89 2113564
1781789307846894135 ASK 103 2430118
1781789307848230722 BID 91 2083698
1781789307849349681 ASK 104 2122912
1781789307850339648 BID 91 2135225
1781789307852544443 BID 90 1096356
1781789307853663973 BID 90 2285591
1781789307855421962 ASK 104 1586886
1781789307855977005 BID 91 2212174
1781789307857120267 ASK 105 2146875
1781789307863792098 ASK 105 1713765
1781789307865565214 ASK 106 2801524
1781789307867981566 BID 91 1500957
1781789307868389792 ASK 106 2142761
1781789307869503543 BID 90 2113922
1781789307870556367 ASK 107 2114673
1781789307871694249 BID 90 2139783
1781789307872694184 ASK 107 2185349
1781789307873897882 BID 91 2144795
1781789307874903237 ASK 108 2181382
1781789307877114565 ASK 108 1043271
1781789307878188674 ASK 109 1116621
1781789307882425331 BID 91 568786
1781789307883057727 BID 100 1348757
1781789307886652667 BID 100 1848018
1781789307888525752 BID 99 1308404
1781789307889862029 BID 99 2730912
1781789307892785722 BID 98 2575771
1781789307894948589 ASK 109 3216553
1781789307896949922 BID 98 3706592
1781789307898241655 ASK 101 42487105
1781789307900466869 BID 92 40597081
1781789307940804031 ASK 101 2583508
1781789307941103864 BID 92 3817750
1781789307942000397 ASK 109 4601278
1781789307944948284 BID 98 3143408
1781789307946637052 ASK 109 42149205
1781789307988820050 ASK 109 1089824
1781789307989961882 ASK 109 2276638
1781789307992263467 ASK 107 1261748
1781789307995819348 ASK 107 2110834
1781789307997965338 ASK 106 2466280
1781789308000493825 ASK 106 1526002
1781789308002071184 ASK 107 1217207
1781789308003418295 ASK 107 1222318
1781789308004708680 ASK 108 2028645
1781789308006770818 ASK 108 2097213
1781789308008599077 BID 98 506941
1781789308008963110 ASK 109 1142913
1781789308009226604 BID 95 14164597
1781789308023321400 ASK 109 521658
1781789308023430955 BID 95 1673409
1781789308023872263 ASK 98 1265754
1781789308024559612 BID 91 3386321
1781789308027907201 ASK 98 15881968
1781789308043623568 BID 91 439134
1781789308043836387 ASK 109 1411928
1781789308044123716 BID 95 3141161
1781789308046857684 ASK 109 42963952
1781789308089770159 BID 95 538329
1781789308089891667 ASK 111 1586656
1781789308090375334 BID 98 2112062
1781789308095028652 ASK 111 1330705
1781789308096385436 ASK 106 1909892
1781789308105742436 BID 98 476313
1781789308105785156 ASK 106 1450170
1781789308106241262 BID 97 2988755
1781789308107263730 ASK 101 3062314
1781789308109255625 BID 97 2217079
1781789308110413517 ASK 101 2258366
1781789308112113706 BID 95 1506846
1781789308112707079 ASK 106 5356416
1781789308118029602 BID 95 2386076
1781789308120355805 ASK 106 1312942
1781789308121355960 BID 92 492284
1781789308121760509 ASK 111 28088331
1781789308149794579 BID 92 1612615
1781789308150970765 ASK 111 1619207
1781789308151589385 BID 106 2134734
1781789308152692534 ASK 109 14281406
1781789308166706468 BID 106 1595503
1781789308167064700 ASK 109 2062829
1781789308168477570 BID 105 1495976
1781789308169148498 ASK 110 8077220
1781789308177058755 BID 105 580258
1781789308177394645 ASK 110 1218065
1781789308177666945 BID 104 3322682
1781789308178716764 ASK 111 3494094
1781789308181065830 BID 104 8995852
1781789308190031947 ASK 111 425177
1781789308190073565 BID 92 2793289
1781789308190718244 ASK 113 11487255
1781789308202138213 BID 92 1168269
1781789308202435070 ASK 113 1970824
1781789308203360934 BID 95 2136677
1781789308204429077 ASK 111 4174377
1781789308208538522 BID 95 10670067
1781789308219117338 ASK 111 547678
1781789308219254876 BID 97 1500389
1781789308219691786 ASK 113 18625583
1781789308238284888 BID 97 352992
1781789308238333950 ASK 113 1383745
1781789308238693254 BID 96 3465979
1781789308239750307 ASK 108 3480445
1781789308242946199 BID 96 1472912
1781789308244077721 ASK 108 1413691
1781789308244499191 BID 96 1982108
1781789308245574037 ASK 109 4099712
1781789308249531462 BID 96 41231437
1781789308249758257 ASK 109 41093088
1781789308290805619 BID 99 966162
1781789308290912249 ASK 104 1871441
1781789308299050062 ASK 104 449368
1781789308299532452 ASK 105 919986
1781789308300557855 ASK 105 2044134
1781789308302248877 BID 99 1378836
1781789308302751259 ASK 106 1863520
1781789308303671776 BID 98 1995607
1781789308304724104 ASK 106 1882401
1781789308305728508 BID 98 1820765
1781789308306744093 ASK 107 1729724
1781789308307575713 BID 97 1883893
1781789308308595115 ASK 107 1925857
1781789308309481297 BID 97 2414108
1781789308310702272 ASK 108 2338814
1781789308311920372 BID 96 2200279
1781789308317605946 ASK 108 745268
1781789308318376541 ASK 109 2988820
1781789308321392663 ASK 109 2675768
1781789308324098657 ASK 110 1277707
1781789308325423883 ASK 110 2506852
1781789308328021866 ASK 111 2661642
1781789308330130806 BID 96 1699287
1781789308330709116 ASK 111 4023033
1781789308331854008 BID 102 4276937
1781789308334846825 ASK 113 2572322
1781789308336204272 BID 102 35584879
1781789308371699242 ASK 113 1874430
1781789308373025529 BID 93 1751090
1781789308373598949 ASK 114 4838495
1781789308378094501 BID 93 694472
1781789308378522414 ASK 114 1831525
1781789308378918847 BID 92 4073550
1781789308380379426 ASK 108 8357974
1781789308388508781 BID 92 1735846
1781789308388889055 ASK 108 2490972
1781789308390270906 BID 93 2345672
1781789308391440851 ASK 99 2416715
1781789308393459068 BID 93 4329170
1781789308397474950 ASK 99 1793233
1781789308397888315 BID 91 2652535
1781789308399387938 ASK 100 2889830
1781789308400836775 BID 91 2767321
1781789308402305360 ASK 100 2771358
1781789308403625957 BID 92 2469271
1781789308405104420 ASK 101 23153746
1781789308428183085 BID 92 1861742
1781789308428416754 ASK 101 3008592
1781789308429596312 ASK 97 3036910
1781789308430069413 BID 91 4552399
1781789308434411217 ASK 97 2613020
1781789308436994271 BID 91 1730415
1781789308437036070 ASK 105 2939474
1781789308438808594 BID 94 9677411
1781789308448437153 ASK 105 1992778
1781789308448508557 BID 94 3051173
1781789308450483041 ASK 105 2553494
1781789308451581260 BID 93 32300016
1781789308483846220 ASK 105 41183616
1781789308484050854 BID 93 41051197
1781789308525066445 ASK 109 1127116
1781789308525117420 BID 94 1995004
1781789308527266703 BID 94 900729
1781789308528341890 BID 101 2120943
1781789308530147912 ASK 109 1329353
1781789308530486487 BID 101 2013552
1781789308531542368 ASK 110 1892164
1781789308532534704 BID 100 1889474
1781789308533492320 ASK 110 2439696
1781789308535191086 BID 100 919535
1781789308536015873 ASK 111 1231500
1781789308536177556 BID 96 1776232
1781789308537378028 ASK 111 2687390
1781789308539994135 BID 96 1752256
1781789308540095114 ASK 109 3065860
1781789308541775816 BID 95 32023282
1781789308573676438 ASK 109 1580654
1781789308573850394 BID 95 1533356
1781789308574885816 BID 103 41240679
1781789308574909130 ASK 113 41267109
1781789308616198240 ASK 113 127980
1781789308617041622 ASK 116 350006
1781789308622988423 BID 103 1512056
1781789308624579147 BID 102 1524359
1781789308626169490 BID 102 908784
1781789308627188271 BID 105 1186285
1781789308630575346 ASK 116 1584662
1781789308631740641 BID 105 1468664
1781789308632179805 ASK 111 1888842
1781789308633331645 BID 107 1621130
1781789308635888410 BID 107 36703067
1781789308672410678 ASK 111 1464527
1781789308672616534 BID 102 2356420
1781789308674064750 ASK 109 21533190
1781789308695450233 BID 102 1313453
1781789308695890619 ASK 109 3137895
1781789308696800125 BID 101 2597251
1781789308699055445 ASK 108 7244217
1781789308706262653 BID 101 17496526
1781789308723684649 ASK 108 1154716
1781789308724021951 BID 104 1684419
1781789308724893917 ASK 107 3834692
1781789308728334650 BID 104 471624
1781789308728764687 ASK 107 757632
1781789308728931830 BID 103 2117983
1781789308729758711 ASK 108 2479420
1781789308731086251 BID 103 4059203
1781789308735109858 ASK 108 1371493
1781789308735157557 BID 97 2567255
1781789308736577630 ASK 101 4187304
1781789308740563606 BID 97 455044
1781789308740963236 ASK 101 1072090
1781789308741105473 BID 96 2587843
1781789308742120326 ASK 102 2500991
1781789308743939358 BID 96 1647621
1781789308744855045 ASK 102 2313319
1781789308745677448 BID 95 42004592
1781789308747138979 ASK 106 40650042
1781789308787752803 BID 95 1862343
1781789308789647757 BID 96 1165335
1781789308805202348 BID 96 495522
1781789308805795803 BID 97 908084
1781789308815917307 BID 97 338865
1781789308816292100 BID 101 1509361
1781789308822478393 BID 101 1679480
1781789308823616768 BID 97 16640024
1781789308839762225 ASK 106 703970
1781789308840275417 BID 97 1587523
1781789308840731538 ASK 106 3028399
1781789308841894248 BID 102 10574994
1781789308852306677 ASK 106 570585
1781789308852564792 BID 102 1430684
1781789308852902450 ASK 105 3330877
1781789308854126911 BID 101 6110822
1781789308860079536 ASK 105 1784276
1781789308860443058 BID 101 2654203
1781789308861913826 ASK 106 2344986
1781789308863122418 BID 100 2078662
1781789308864287807 ASK 106 2001494
1781789308865223492 BID 100 2101130
1781789308866313316 ASK 107 2168116
1781789308867354128 BID 99 2191758
1781789308868505808 ASK 107 1877423
1781789308869572676 BID 99 2123536
1781789308870409951 ASK 108 2318246
1781789308871720387 BID 98 2026150
1781789308873006079 ASK 108 3694720
1781789308876656806 BID 98 244318
1781789308876713562 ASK 111 1218636
1781789308877046978 BID 97 12318601
1781789308889329591 ASK 111 432972
1781789308889380046 BID 97 2237632
1781789308889825131 ASK 109 2669301
1781789308891675507 BID 106 25036195
1781789308916550181 ASK 109 1336677
1781789308916949397 BID 106 1870405
1781789308917916844 ASK 110 1875472
1781789308918846512 BID 105 1919550
1781789308919873048 ASK 110 1920762
1781789308920816587 BID 105 1877121
1781789308921823205 ASK 111 1782353
1781789308922759261 BID 104 16241134
1781789308938871193 ASK 111 40862292
1781789308939029710 BID 104 40745333
1781789308979751288 ASK 114 1898239
1781789308980460479 BID 104 2184225
1781789308983277229 BID 104 340038
1781789308983855476 BID 103 732464
1781789308984622194 BID 103 982942
1781789308985659377 BID 102 1772034
1781789308987453422 BID 102 3541873
1781789308990966962 ASK 114 466325
1781789308991033787 BID 97 1216061
1781789308991465718 ASK 110 6145096
1781789308997403584 BID 97 1220018
1781789308997701363 ASK 110 1764680
1781789308998719302 BID 99 1607234
1781789308999498223 ASK 114 9729991
1781789309009137133 BID 99 17389826
1781789309026282801 ASK 114 1213802
1781789309026559019 BID 106 1830248
1781789309027570471 ASK 110 1764154
1781789309029194242 BID 106 2028715
1781789309031071302 ASK 110 403908
1781789309031324647 BID 107 999856
1781789309031490649 ASK 111 7917610
1781789309039364767 BID 107 270477
1781789309039423968 ASK 111 1246819
1781789309039770688 BID 106 1837026
1781789309040800911 ASK 112 2786824
1781789309041747065 BID 106 5816508
1781789309047526944 ASK 112 472693
1781789309047743009 BID 102 2731590
1781789309048110275 ASK 108 12316470
1781789309060293155 BID 102 376205
1781789309060593809 ASK 108 997831
1781789309060742768 BID 101 1795457
1781789309061674004 ASK 109 2459093
1781789309062578150 BID 101 44193248
1781789309064245818 ASK 109 42604568
1781789309106804379 BID 97 1682586
1781789309107184813 ASK 112 2235633
1781789309113675456 ASK 112 421681
1781789309114120040 ASK 109 1801639
1781789309117504669 ASK 109 1268089
1781789309118865210 ASK 110 1764079
1781789309120770123 ASK 110 1694428
1781789309122490440 ASK 111 1781701
1781789309124048271 BID 97 1122075
1781789309124370886 ASK 111 1718133
1781789309125193990 BID 102 1789567
1781789309126111180 ASK 107 1764921
1781789309128470676 ASK 107 1071232
1781789309129565883 ASK 108 888146
1781789309130550830 ASK 108 710473
1781789309131392248 ASK 109 485781
1781789309131894450 ASK 109 570150
1781789309132570218 ASK 110 448451
1781789309133035280 ASK 110 1505985
1781789309134567805 ASK 111 81954
1781789309134665498 ASK 111 449615
1781789309135234948 ASK 112 342197
1781789309136845854 BID 102 750192
1781789309137551924 BID 97 3720208
1781789309141220224 ASK 112 823284
1781789309141465113 BID 97 1180584
1781789309142108479 ASK 106 1041204
1781789309142674862 BID 100 2050406
1781789309144551462 ASK 106 3123037
1781789309147566306 BID 100 300764
1781789309147794765 ASK 112 692679
1781789309147934296 BID 99 16768809
1781789309164446053 ASK 112 1316729
1781789309164732079 BID 99 1685231
1781789309165549372 BID 97 1487670
1781789309165795093 ASK 106 17876997
1781789309183541445 BID 97 2373306
1781789309183803606 ASK 106 43882430
1781789309185592236 BID 95 42214757
1781789309227727674 ASK 106 1874972
1781789309227855995 BID 95 3107844
1781789309229099235 BID 98 10436812
1781789309239444174 ASK 106 1784392
1781789309240731789 BID 98 2205462
1781789309241316351 ASK 107 3016203
1781789309243054130 BID 97 2612490
1781789309244396072 ASK 107 20953080
1781789309265314707 BID 97 415069
1781789309265362156 ASK 110 1535891
1781789309265819063 BID 98 3212439
1781789309268772052 ASK 110 9574119
1781789309278185249 BID 98 1174102
1781789309278645542 ASK 103 1528948
1781789309279463907 BID 97 5662693
1781789309284980636 ASK 103 7977222
1781789309292845187 BID 97 1759356
1781789309293050853 ASK 112 2253271
1781789309294706865 BID 104 6742326
1781789309301031537 ASK 112 1856202
1781789309301526565 BID 104 2517893
1781789309302767643 BID 94 41955101
1781789309302945376 ASK 107 42107347
1781789309344792305 BID 94 447610
1781789309345928406 BID 95 106780
1781789309348024915 ASK 107 1262698
1781789309348973394 BID 95 1228544
1781789309349347255 ASK 103 1725056
1781789309350260147 BID 97 1753719
1781789309355395078 BID 97 431042
1781789309355908825 BID 96 828073
1781789309356828239 BID 96 997711
1781789309357857610 BID 95 923602
1781789309360317023 ASK 103 1120093
1781789309361475157 ASK 100 894215
1781789309368304964 ASK 100 13798729
1781789309382007532 BID 95 478668
1781789309382123059 ASK 104 1392311
1781789309382509614 BID 94 9710397
1781789309392141584 ASK 104 1336777
1781789309392247683 BID 94 2126468
1781789309393532232 ASK 107 1788439
1781789309394435426 BID 93 10406849
1781789309404775018 ASK 107 1265714
1781789309404945388 BID 93 2104527
1781789309406096918 ASK 108 1752647
1781789309407108154 BID 95 1721729
1781789309407951145 ASK 108 8190097
1781789309416059809 BID 95 377418
1781789309416250557 ASK 110 1394896
1781789309416537455 BID 94 6097198
1781789309422447703 ASK 110 41437963
1781789309422677464 BID 94 41278894
1781789309463921953 ASK 104 93755
1781789309463970905 BID 94 1492400
1781789309468276260 ASK 104 8140499
1781789309476380419 BID 94 1134498
1781789309476429612 ASK 105 3125231
1781789309477715283 BID 93 25863244
1781789309503544072 ASK 105 1391169
1781789309503591040 BID 93 2458626
1781789309504972552 ASK 104 2123177
1781789309506152198 BID 92 6865212
1781789309512916411 ASK 104 291887
1781789309513080829 BID 92 1150448
1781789309513276155 ASK 105 2022524
1781789309514297882 BID 91 5090157
1781789309519269797 ASK 105 15484212
1781789309534636278 BID 91 1432827
1781789309534791068 ASK 105 2349116
1781789309536093752 BID 93 3395358
1781789309537161855 ASK 105 2574689
1781789309539192083 ASK 108 40538883
1781789309539627890 BID 93 40154913
1781789309579839740 BID 104 378109
1781789309586822629 ASK 108 5057418
1781789309591845462 BID 104 42008710
1781789309591892510 ASK 107 42133484
1781789309633921929 BID 95 628799
1781789309634091277 ASK 107 1821165
1781789309635372069 ASK 110 1832717
1781789309637279797 ASK 110 1171136
1781789309638517308 ASK 106 1175645
1781789309645698737 ASK 106 551945
1781789309646310655 ASK 99 1254207
1781789309661697960 BID 95 565060
1781789309662323524 BID 94 1362024
1781789309667628053 BID 94 558379
1781789309668268787 BID 93 1321548
1781789309669697095 BID 93 2337513
1781789309672062670 BID 92 2531919
1781789309674166037 ASK 99 1752114
1781789309674673757 BID 92 2448513
1781789309675942397 ASK 100 2271059
1781789309677150322 BID 91 2304575
1781789309678240617 ASK 100 2334439
1781789309680599031 ASK 101 1493631
1781789309681575292 BID 91 1625849
1781789309682123099 ASK 101 2331032
1781789309683226078 BID 90 2591571
1781789309684511819 ASK 102 2640032
1781789309686714110 BID 90 4127692
1781789309688545735 ASK 102 2730962
1781789309690770869 ASK 110 41920033
1781789309690897646 BID 97 41984004
1781789309732760733 ASK 110 1446463
1781789309732943857 BID 97 2539212
1781789309733782209 BID 102 1866443
1781789309734233756 ASK 111 7860948
1781789309741972244 BID 102 2054193
1781789309742143806 ASK 111 3032033
1781789309744085558 BID 96 2666647
1781789309745258895 ASK 112 2648828
1781789309746783063 BID 96 2599676
1781789309747934703 ASK 112 2667433
1781789309749406263 BID 95 2446097
1781789309750632694 ASK 106 2583675
1781789309751947338 BID 95 6725035
1781789309758539393 ASK 106 570612
1781789309758760438 BID 93 1647422
1781789309759166892 ASK 101 6455648
1781789309765476526 BID 93 13062828
1781789309778453664 ASK 101 1577903
1781789309778598626 BID 91 2576974
1781789309780059009 ASK 102 3270399
1781789309783215675 BID 91 3519962
1781789309786700712 ASK 102 1528366
1781789309786747680 BID 93 2634461
1781789309788347951 ASK 103 5073460
1781789309793264827 BID 93 580990
1781789309793462779 ASK 103 1711388
1781789309793915267 BID 94 2582321
1781789309795265007 ASK 104 3845262
1781789309798584560 BID 94 3736969
1781789309802213006 ASK 104 1784336
1781789309802393013 BID 96 2900520
1781789309804063917 ASK 102 2566663
1781789309805380817 BID 96 8081922
1781789309813378682 ASK 102 42307876
1781789309813534754 BID 93 42379631
1781789309855719971 ASK 105 1082110
1781789309856014934 BID 93 2110439
1781789309858261839 BID 100 1334052
1781789309870616505 ASK 105 12681841
1781789309883112407 BID 100 689573
1781789309883430464 ASK 108 1832372
1781789309883864267 BID 104 41803310
1781789309925789105 BID 104 2450000
1781789309926392882 BID 97 2984002
1781789309932892192 BID 97 735159
1781789309933652688 BID 96 1363511
1781789309939166620 BID 96 13882609
1781789309952992713 ASK 108 1541581
1781789309954087155 BID 90 1595072
1781789309954595669 ASK 95 41136238
1781789309995785337 ASK 95 2365184
1781789309996516446 ASK 102 2958788
1781789309999500762 ASK 102 1226703
1781789310000791524 ASK 103 1224687
1781789310002078709 ASK 103 2626603
1781789310004734737 ASK 104 1120507
1781789310019600883 ASK 104 435895
1781789310020063959 ASK 97 1098084
1781789310030191368 ASK 97 1488007
1781789310031755768 ASK 98 3050451
1781789310034835023 ASK 98 2675528
1781789310037050829 ASK 104 1712352
1781789310038199834 BID 90 4906565
1781789310043055484 ASK 104 40660164
1781789310043129212 BID 91 40763868
1781789310083787512 ASK 110 1739352
1781789310084069250 BID 91 2642115
1781789310086835769 BID 93 1515312
1781789310093547236 BID 93 454272
1781789310093576371 ASK 110 1729934
1781789310094064326 BID 92 3726284
1781789310095366839 ASK 106 3676195
1781789310097815747 BID 92 2496447
1781789310099101354 ASK 106 2480623
1781789310100450053 BID 91 2477114
1781789310101724934 ASK 107 2524905
1781789310104286729 ASK 107 2239750
1781789310106582364 ASK 108 1146050
1781789310118452969 BID 91 479398
1781789310119008310 BID 101 1013299
1781789310127385873 ASK 108 1633043
1781789310128724614 BID 101 1119631
1781789310129080722 ASK 109 1595122
1781789310129987382 BID 100 27092744
1781789310157049930 ASK 109 1746821
1781789310157091959 BID 100 2873925
1781789310158337279 BID 95 1738907
1781789310158818402 ASK 110 3705911
1781789310162071513 BID 95 15243094
1781789310177157072 ASK 110 1734423
1781789310177471211 BID 99 2485342
1781789310179032630 ASK 106 2230383
1781789310180089462 BID 99 9041678
1781789310189086296 ASK 106 576041
1781789310189147311 BID 96 2728042
1781789310189694026 ASK 101 40940191
1781789310230598640 BID 96 1705179
1781789310230648173 ASK 101 2786327
1781789310231748136 ASK 108 1790481
1781789310232329056 BID 95 7006974
1781789310239304892 ASK 108 719687
1781789310239351369 BID 95 2023678
1781789310240116261 ASK 109 3636150
1781789310241402268 BID 91 3416475
1781789310243778880 ASK 109 14691388
1781789310258161158 BID 91 1297273
1781789310258525662 ASK 97 1890904
1781789310259623651 BID 90 6846409
1781789310266365133 ASK 97 412193
1781789310266526576 BID 90 1266177
1781789310266824525 ASK 98 1945950
1781789310267851603 BID 92 2764948
1781789310268799068 ASK 98 3602762
1781789310272260004 BID 92 1555507
1781789310272427097 ASK 110 2324329
1781789310273960543 BID 92 1745313
1781789310274788676 ASK 110 1992106
1781789310276368249 BID 92 1399590
1781789310276862866 ASK 107 1973707
1781789310277792565 BID 91 8011461
1781789310285661289 ASK 107 7115696
1781789310292742651 BID 91 1967159
1781789310292815387 ASK 109 3134328
1781789310294908603 BID 90 4300486
1781789310299178852 ASK 109 1629907
1781789310300525968 BID 90 1433659
1781789310300916391 ASK 100 2166213
1781789310302011284 BID 89 2263055
1781789310303286346 ASK 100 1977268
1781789310304354579 BID 89 2121805
1781789310305472877 ASK 97 1913885
1781789310306756239 BID 90 1636359
1781789310307417870 ASK 97 13804005
1781789310321189725 BID 90 672280
1781789310321257181 ASK 109 1614508
1781789310322041592 BID 92 3556120
1781789310325544813 ASK 109 3903589
1781789310329223310 BID 92 741330
1781789310329826601 ASK 112 1237692
1781789310330082592 BID 93 4509989
1781789310334504195 ASK 112 2352523
1781789310334863639 BID 93 3358890
1781789310336891873 ASK 109 1738691
1781789310338234732 BID 92 1131062
1781789310338676831 ASK 109 20224861
1781789310358848893 BID 92 1302212
1781789310358920758 ASK 112 2355568
1781789310360178917 BID 92 4469574
1781789310364571146 ASK 112 8431067
1781789310372849456 BID 92 457268
1781789310373130594 ASK 112 990057
1781789310373421059 BID 102 15823317
1781789310389106017 ASK 112 772640
1781789310389357769 BID 102 1337688
1781789310389909093 ASK 104 1771813
1781789310390726676 BID 93 41983661
1781789310432742878 BID 93 206898
1781789310434828602 BID 99 451756
1781789310449819729 BID 99 1506065
1781789310451363004 BID 98 1806959
1781789310453233893 BID 98 2294443
1781789310455165726 ASK 104 1267257
1781789310455660143 BID 97 1809203
1781789310456458581 ASK 103 1926433
1781789310457533517 BID 97 1751986
1781789310459309317 BID 96 897634
1781789310460240203 BID 96 1949867
1781789310462209948 BID 98 1981566
1781789310462898529 ASK 103 5012922
1781789310467820095 BID 98 1318167
1781789310468009856 ASK 110 2050065
1781789310469207622 BID 106 32383408
1781789310501438343 ASK 110 399940
1781789310501772901 BID 106 1308013
1781789310501977765 ASK 102 1497529
1781789310502982399 BID 97 2572215
1781789310505524357 ASK 102 13468281
1781789310518891859 BID 97 591559
1781789310519144653 ASK 108 2156094
1781789310519586331 BID 95 11077767
1781789310530613003 ASK 108 1547608
1781789310530782571 BID 95 2305292
1781789310532229219 ASK 102 1774993
1781789310533174855 BID 98 15358927
1781789310548482145 ASK 102 42331007
1781789310548619363 BID 98 42740735
1781789310590863316 ASK 113 1252530
1781789310591387259 BID 94 1472029
1781789310592896538 BID 94 1651257
1781789310593451218 ASK 113 1902529
1781789310594615803 BID 101 1607145
1781789310595419841 ASK 113 1690841
1781789310600122097 BID 101 2063891
1781789310602152415 ASK 113 446738
1781789310602273793 BID 94 1205991
1781789310602640631 ASK 107 3518619
1781789310606029587 BID 94 8922344
1781789310614678959 ASK 107 608191
1781789310615046479 BID 90 1048586
1781789310615373632 ASK 102 12312168
1781789310627646807 BID 90 273594
1781789310627697832 ASK 102 1259443
1781789310628086582 BID 98 1941933
1781789310629095674 ASK 103 11115833
1781789310640078257 BID 98 1256938
1781789310640304702 ASK 103 1900124
1781789310641176046 ASK 110 42668440
1781789310641469246 BID 100 42406439
1781789310683894961 BID 100 522761
1781789310687795319 BID 96 1543765
1781789310692858199 ASK 110 1502308
1781789310694485551 ASK 103 2285119
1781789310696440518 BID 96 1431518
1781789310697899147 BID 95 1583059
1781789310699632748 BID 95 521258
1781789310700185365 BID 94 777027
1781789310700983672 BID 94 722074
1781789310701843906 BID 93 510560
1781789310714975757 BID 93 1058746
1781789310716183833 BID 92 2088766
1781789310718337320 BID 92 995527
1781789310719392619 BID 91 1833148
1781789310723990714 BID 91 1182989
1781789310725250957 BID 90 951615
1781789310730873530 ASK 103 322374
1781789310731251519 ASK 104 919985
1781789310732227499 ASK 104 907978
1781789310733207853 ASK 105 1512992
1781789310735292427 ASK 105 1085282
1781789310736437581 ASK 96 738996
1781789310747113899 ASK 96 1391105
1781789310748575796 ASK 97 2167931
1781789310750835850 ASK 97 1853552
1781789310752762409 ASK 98 816235
1781789310753642144 ASK 98 756689
1781789310754452213 ASK 99 829836
1781789310774686153 ASK 99 1538355
1781789310776317172 ASK 98 914115
1781789310776901528 BID 90 2218774
1781789310779175486 BID 93 1700980
1781789310785098928 ASK 98 560622
1781789310785780507 ASK 99 1216972
1781789310788858309 ASK 99 1599720
1781789310790520627 ASK 100 1264080
1781789310791810736 ASK 100 2545595
1781789310794407847 ASK 101 2535776
1781789310796968640 ASK 101 1472823
1781789310798468784 ASK 96 1282025
1781789310799777238 ASK 96 1256407
1781789310801064473 ASK 97 1148914
1781789310802237252 ASK 97 2098436
1781789310804357478 ASK 98 1288868
1781789310805746504 ASK 98 2185980
1781789310807955817 ASK 99 1271175
1781789310809249584 ASK 99 1256567
1781789310810529935 ASK 100 1382563
1781789310812009941 ASK 100 1202405
1781789310813278641 ASK 101 1248732
1781789310814620267 ASK 101 2399441
1781789310817122871 ASK 102 2606409
1781789310819812736 ASK 102 1309777
1781789310821149413 ASK 100 1425203
1781789310828577325 ASK 100 1620960
1781789310830220627 ASK 98 1627813
1781789310832715887 ASK 98 1900364
1781789310834702673 ASK 99 2474130
1781789310837268796 ASK 99 2491342
1781789310839805523 ASK 100 2215687
1781789310841589911 BID 93 1764980
1781789310843465368 BID 94 3086259
1781789310844760868 ASK 100 2984036
1781789310846608153 BID 94 1314635
1781789310847834983 ASK 104 1507037
1781789310847945350 BID 93 14526356
1781789310862406794 ASK 104 7002369
1781789310869168482 BID 93 533410
1781789310869438508 ASK 102 1344231
1781789310869729173 BID 92 10754111
1781789310880325538 ASK 102 1820574
1781789310880520714 BID 92 2945043
1781789310882169506 ASK 104 2555202
1781789310883555305 BID 100 4885413
1781789310888358674 ASK 104 3203358
1781789310888540154 BID 100 4236416
1781789310891195445 BID 95 42541673
1781789310891713086 ASK 105 42185085
1781789310933858095 BID 95 2451236
1781789310933915984 ASK 105 2693678
1781789310934705505 BID 90 3196153
1781789310936633357 ASK 102 7836137
1781789310944433496 BID 90 713207
1781789310944485925 ASK 102 2191139
1781789310945177060 BID 101 1577369
1781789310946164653 ASK 105 8111464
1781789310954183603 BID 101 2230353
1781789310956319148 ASK 105 391244
1781789310956453110 BID 93 1445892
1781789310956753814 ASK 103 3944107
1781789310960598374 BID 93 15913457
1781789310976479942 ASK 103 1317972
1781789310976528994 BID 100 2205797
1781789310977877613 ASK 104 18692050
1781789310996529337 BID 100 1340467
1781789310996657017 ASK 104 2070496
1781789310997909118 BID 99 1661836
1781789310998823342 ASK 105 16234795
1781789311014949223 BID 99 5190199
1781789311020045406 ASK 105 1292344
1781789311020190628 BID 97 2088312
1781789311021378536 ASK 106 1875483
1781789311022387994 BID 97 5410503
1781789311027709009 ASK 106 139962
1781789311027818695 BID 97 1102327
1781789311027960491 ASK 107 21937576
1781789311049658908 BID 97 1318257
1781789311050074196 ASK 107 1813902
1781789311051040784 BID 98 1749968
1781789311052009446 ASK 106 3222724
1781789311055140148 BID 98 6761239
1781789311061862133 ASK 106 1333271
1781789311061917467 BID 98 2211027
1781789311063224669 ASK 107 2608211
1781789311065794629 BID 98 12757728
1781789311078353464 ASK 107 1215870
1781789311078676159 BID 93 1807831
1781789311079672578 ASK 108 7135525
1781789311086627214 BID 93 3099221
1781789311088562352 ASK 108 42396941
1781789311089442612 BID 91 41591360
1781789311130999157 ASK 104 1262798
1781789311131048389 BID 91 2321995
1781789311133439754 BID 96 1013369
1781789311137128050 ASK 104 1380489
1781789311138531432 ASK 105 1242312
1781789311143981001 BID 96 3025504
1781789311146938869 ASK 105 603913
1781789311147027835 BID 95 1598731
1781789311147573008 ASK 102 3421461
1781789311150443724 BID 95 32789527
1781789311183119197 ASK 102 648891
1781789311183252888 BID 99 2676359
1781789311183837448 ASK 105 3267304
1781789311185957400 BID 99 6546328
1781789311192457361 ASK 105 557326
1781789311192518967 BID 99 1673481
1781789311193089327 ASK 102 27104946
1781789311220125755 BID 99 10130404
1781789311230183824 ASK 102 1798308
1781789311230360886 BID 97 2926419
1781789311232011447 ASK 101 7414992
1781789311239342131 BID 97 606988
1781789311239528160 ASK 101 3926023
1781789311239974176 BID 96 43699552
1781789311242470949 ASK 105 41305381
1781789311283702081 BID 96 2091427
1781789311283799033 ASK 105 3118937
1781789311285826180 BID 95 2201348
1781789311286948758 ASK 103 2234017
1781789311288063907 BID 95 2229123
1781789311290325181 BID 94 1144899
1781789311291532918 BID 94 2098681
1781789311293685370 BID 93 1079119
1781789311310106720 ASK 103 455416
1781789311310589117 ASK 104 1116953
1781789311314622340 ASK 104 1627953
1781789311316275470 ASK 102 1137443
1781789311318189019 ASK 102 1563993
1781789311319345588 BID 93 1533526
1781789311319805210 ASK 103 2280963
1781789311320949607 BID 94 2381428
1781789311322124685 ASK 103 2584625
1781789311324733486 ASK 104 1145338
1781789311330461717 BID 94 587732
1781789311331082371 BID 93 1271545
1781789311335953840 BID 93 1503450
1781789311337482217 BID 94 1601571
1781789311341138557 BID 94 477757
1781789311341640107 BID 93 1252345
1781789311364361483 BID 93 639649
1781789311364390267 ASK 104 1133095
1781789311365083527 BID 94 2102343
1781789311365553909 ASK 105 1922566
1781789311367494369 ASK 105 331121
1781789311367534845 BID 94 665137
1781789311368071481 ASK 106 1504247
1781789311368566315 BID 96 2720192
1781789311369788247 ASK 106 1560347
1781789311371366126 ASK 107 116849
1781789311371539311 ASK 107 2243959
1781789311374141712 ASK 108 1070708
1781789311381102712 BID 96 1585905
1781789311382712471 BID 95 2301046
1781789311385101763 BID 95 2189506
1781789311387498398 BID 98 2704532
1781789311389922960 ASK 108 1438423
1781789311391526453 ASK 105 1193288
1781789311395391141 ASK 105 11370206
1781789311406724909 BID 98 42980133
1781789311406773640 ASK 108 43162043
1781789311449780242 BID 103 2413232
1781789311449958326 ASK 108 3277613
1781789311452223710 BID 103 2038374
1781789311453266617 ASK 106 2233063
1781789311454390244 BID 102 2646899
1781789311457057100 BID 102 142257
1781789311457126110 ASK 106 1112717
1781789311457215156 BID 103 1985841
1781789311458301985 ASK 107 1571052
1781789311463261427 BID 103 370014
1781789311463713875 BID 104 991489
1781789311471279054 ASK 107 2904485
1781789311473849373 ASK 109 6497588
1781789311479189280 BID 104 3910595
1781789311483064238 ASK 109 1561529
1781789311483118951 BID 96 2821512
1781789311484797218 ASK 110 7513480
1781789311492262418 BID 96 2524855
1781789311492333361 ASK 110 42512808
1781789311494434823 BID 93 40555748
1781789311534892466 ASK 110 823795
1781789311535760734 ASK 110 839034
1781789311536632920 ASK 105 844604
1781789311541387898 ASK 105 1188770
1781789311542598909 ASK 104 817624
1781789311547647518 ASK 104 534984
1781789311548208581 ASK 105 1078893
1781789311549320015 ASK 105 2038003
1781789311551379578 ASK 106 1392402
1781789311554332416 BID 93 2495561
1781789311556431624 ASK 106 1378426
1781789311557110888 BID 92 1643904
1781789311557840336 ASK 111 42804493
1781789311600686086 ASK 111 132008
1781789311601559679 ASK 107 370585
1781789311603717509 ASK 107 147527
1781789311603938774 ASK 106 942077
1781789311612898900 BID 92 1561095
1781789311614317938 ASK 106 1032717
1781789311614691900 BID 91 1304256
1781789311615555699 ASK 97 1272297
1781789311618792205 ASK 97 1318052
1781789311620176101 ASK 98 1058563
1781789311621297492 ASK 98 10235419
1781789311631496082 BID 91 411922
1781789311631548891 ASK 106 1395806
1781789311632087431 BID 95 4551677
1781789311636492573 ASK 106 6221088
1781789311642650343 BID 95 426791
1781789311642731936 ASK 104 1365270
1781789311643142145 BID 97 12414174
1781789311655501937 ASK 104 1643091
1781789311655580444 BID 97 2602381
1781789311656675177 BID 95 1622924
1781789311657205883 ASK 105 5081038
1781789311662237527 BID 95 41479811
1781789311662449685 ASK 105 41307658
1781789311703733819 BID 91 1157190
1781789311703773914 ASK 99 3480508
1781789311705019500 BID 91 3254554
1781789311707281974 ASK 99 2102363
1781789311708480291 BID 90 2009259
1781789311709847957 ASK 100 1775019
1781789311711674252 ASK 100 1689058
1781789311713496570 ASK 98 774562
1781789311719295396 BID 90 270888
1781789311719848473 BID 94 833584
1781789311722264735 BID 94 452138
1781789311722886251 BID 93 870693
1781789311733439141 BID 93 1358400
1781789311735014748 BID 92 1584682
1781789311736259002 ASK 98 1272998
1781789311736834291 BID 92 41846785
1781789311737568598 ASK 111 41207065
1781789311778742761 BID 90 1051164
1781789311778795380 ASK 111 3018902
1781789311781843858 ASK 102 2016181
1781789311799041140 ASK 102 506935
1781789311799697585 ASK 103 1652861
1781789311804795587 ASK 103 1606123
1781789311806473865 ASK 104 1489674
1781789311808039882 ASK 104 2461026
1781789311810599574 ASK 105 2502664
1781789311814084429 BID 90 1702393
1781789311815845773 BID 102 2415711
1781789311816630963 ASK 105 2841331
1781789311818328409 BID 102 2522381
1781789311819561111 ASK 106 2461196
1781789311820938966 BID 101 2656793
1781789311822122084 ASK 106 4748366
1781789311826427559 BID 101 43377957
1781789311827103988 ASK 108 42766169
1781789311869837857 BID 98 85310
1781789311869883572 ASK 108 1597393
1781789311871544895 ASK 110 1180307
1781789311880931976 BID 98 1765530
1781789311880960630 ASK 110 2707333
1781789311882896018 BID 97 1766039
1781789311883790422 ASK 105 2010220
1781789311884802661 BID 97 2007846
1781789311886506256 ASK 105 1295720
1781789311886937114 BID 96 1824121
1781789311887893508 ASK 106 1891808
1781789311889925369 ASK 106 1013721
1781789311891012949 ASK 107 2058505
1781789311893724229 BID 96 434845
1781789311893772309 ASK 107 1436332
1781789311894182949 BID 97 2091261
1781789311895365866 ASK 108 2243127
1781789311897730381 ASK 108 1542432
1781789311899315504 ASK 109 889188
1781789311901762009 BID 97 1223438
1781789311903296891 BID 96 2007332
1781789311904198131 ASK 109 2092041
1781789311905380095 BID 96 1933306
1781789311906368279 ASK 108 1923929
1781789311907402248 BID 95 1848046
1781789311909272506 BID 95 1365145
1781789311910805025 BID 94 2022924
1781789311912511566 ASK 108 1334142
1781789311912936253 BID 94 1932804
1781789311914084145 ASK 103 1940750
1781789311915063231 BID 98 2012775
1781789311916051896 ASK 103 1912727
1781789311917223603 BID 98 1585619
1781789311918158377 ASK 104 1627087
1781789311918840641 BID 97 1918579
1781789311919933411 ASK 104 3043107
1781789311920852936 BID 97 3004729
1781789311923080523 ASK 99 1841397
1781789311924087365 BID 90 1781541
1781789311925038779 ASK 99 4370995
1781789311929232161 BID 90 268163
1781789311929462934 ASK 107 1154966
1781789311929514010 BID 89 7028648
1781789311936487244 ASK 107 11380269
1781789311947821607 BID 89 40846335
1781789311947886559 ASK 108 40958114
1781789311988768090 BID 86 1302793
1781789311988931666 ASK 108 2411438
1781789311991371047 ASK 97 1097792
1781789311999577970 BID 86 1866585
1781789312001564049 BID 85 2114887
1781789312005557670 ASK 97 1258009
1781789312006962665 ASK 98 1861883
1781789312008858721 ASK 98 936807
1781789312009862624 ASK 99 997065
1781789312010900736 ASK 99 1921118
1781789312012856129 ASK 100 909039
1781789312020294866 BID 85 544291
1781789312020893779 BID 86 1188383
1781789312027054353 BID 86 369563
1781789312027455115 BID 93 937609
1781789312035069075 ASK 100 1369554
1781789312036501387 ASK 101 2012895
1781789312038126695 BID 93 1217052
1781789312038648093 ASK 101 1782583
1781789312039528324 BID 85 1551379
1781789312040576450 ASK 102 12025654
1781789312052561919 BID 85 1441652
1781789312052618244 ASK 102 2355386
1781789312054026033 BID 86 1858566
1781789312055004338 ASK 103 14507290
1781789312069457326 BID 86 413606
1781789312069532447 ASK 103 1203749
1781789312069977892 BID 85 2499981
1781789312070768397 ASK 104 3590955
1781789312074321852 BID 85 40478577
1781789312074375533 ASK 104 40500940
1781789312114833211 BID 95 95576
1781789312115562218 ASK 110 438483
1781789312119609266 ASK 110 1346636
1781789312121007629 ASK 98 1063798
1781789312121581054 BID 95 2375125
1781789312122096524 ASK 98 2802974
1781789312123985544 BID 94 1906586
1781789312124945154 ASK 99 1949887
1781789312125915193 BID 94 1896036
1781789312126950084 ASK 99 1916518
1781789312127871743 BID 93 2118116
1781789312128939048 ASK 100 2214413
1781789312130103171 BID 93 2132720
1781789312131177676 ASK 100 2151696
1781789312132349284 BID 92 1996144
1781789312133447213 ASK 100 1865379
1781789312136059673 ASK 100 1567770
1781789312137676425 ASK 101 1122155
1781789312138847692 ASK 101 977393
1781789312139915755 ASK 102 2019595
1781789312142006914 ASK 102 1992452
1781789312144054490 ASK 103 2077101
1781789312146204097 ASK 103 2010293
1781789312148303527 ASK 104 949781
1781789312149296029 ASK 104 2056538
1781789312151428849 ASK 105 1919059
1781789312153391760 ASK 105 938851
1781789312154502684 ASK 106 906290
1781789312155491859 ASK 106 1038440
1781789312156649793 ASK 107 2200447
1781789312158876870 ASK 107 1135199
1781789312160097620 ASK 105 1750283
1781789312163550055 BID 92 1193965
1781789312164821315 BID 98 1024807
1781789312167974258 BID 98 391123
1781789312168072713 ASK 105 1322741
1781789312168416868 BID 102 1962821
1781789312169448272 ASK 106 2862439
1781789312172364492 ASK 106 929092
1781789312173339891 ASK 107 1994802
1781789312175387672 ASK 107 1805451
1781789312177306326 ASK 108 1844019
1781789312179271231 ASK 108 1760241
1781789312181105632 ASK 106 906189
1781789312183821260 BID 102 1320179
1781789312184762007 ASK 106 1327390
1781789312185228943 BID 101 1749972
1781789312186157605 ASK 107 1762997
1781789312187078753 BID 101 2867818
1781789312188138791 ASK 107 2721554
1781789312190135957 BID 98 1003151
1781789312190943992 ASK 103 3695628
1781789312194567505 BID 98 3380804
1781789312197774603 ASK 103 1459858
1781789312198029141 BID 92 2078768
1781789312199269407 ASK 104 2822203
1781789312201928414 BID 92 964118
1781789312202194573 ASK 104 2145241
1781789312203003167 BID 91 2223991
1781789312204360132 ASK 105 30685372
1781789312234947691 BID 91 1627162
1781789312235104705 ASK 105 2496743
1781789312236687314 BID 95 2009000
1781789312237679685 ASK 101 7832315
1781789312245388669 BID 95 1314460
1781789312245675066 ASK 101 1859452
1781789312246842631 BID 97 1526586
1781789312247565276 ASK 106 42184262
1781789312249089705 BID 97 40772675
1781789312289831492 ASK 106 939652
1781789312289989107 BID 91 894378
1781789312290560379 ASK 102 9082182
1781789312299527014 BID 91 1542764
1781789312299785639 ASK 102 2420510
1781789312301189042 BID 89 2142923
1781789312302256884 ASK 95 33322078
1781789312335412830 BID 89 860284
1781789312335677106 ASK 95 3095689
1781789312336307259 BID 92 3950088
1781789312337139001 ASK 101 4258789
1781789312340344180 BID 92 2245827
1781789312341420403 ASK 101 2400770
1781789312342684053 BID 91 2466071
1781789312343857482 ASK 102 2700465
1781789312345360078 BID 91 43370348
1781789312346580499 ASK 102 42282055
1781789312388794136 BID 88 2410050
1781789312388877091 ASK 105 3687173
1781789312392121877 BID 88 1697493
1781789312393848605 BID 96 2581051
1781789312396012394 ASK 105 1579582
1781789312397658791 ASK 106 2321765
1781789312400023066 ASK 106 1496196
1781789312401593321 ASK 107 1354460
1781789312412785362 ASK 107 459953
1781789312413323832 ASK 105 1447683
1781789312425054835 BID 96 1792291
1781789312426873596 BID 99 2532019
1781789312434007616 BID 99 564729
1781789312434114016 ASK 105 1680902
1781789312434649280 BID 102 2346490
1781789312435870981 ASK 106 3451674
1781789312439348343 ASK 106 2264868
1781789312441733527 ASK 107 1372153
1781789312443172125 ASK 107 2369484
1781789312445132742 ASK 109 7787095
1781789312452878830 BID 102 3271276
1781789312456113227 ASK 109 1622133
1781789312456163972 BID 99 2890852
1781789312457765947 ASK 110 4074031
1781789312461466617 BID 99 3503441
1781789312464927608 ASK 110 1465810
1781789312464982972 BID 102 2757122
1781789312466431590 ASK 111 8769197
1781789312475169488 BID 102 1909972
1781789312475215534 ASK 111 42497668
1781789312476587518 BID 99 41163856
1781789312517728871 ASK 109 1642541
1781789312517761703 BID 99 2819618
1781789312518992812 BID 96 25434984
1781789312544298905 ASK 109 24055906
1781789312568248121 BID 96 709132
1781789312568416627 ASK 114 1765378
1781789312569033867 BID 100 5264208
1781789312574260785 ASK 114 2798973
1781789312577009724 BID 100 1603104
1781789312577077281 ASK 114 2692672
1781789312578752670 BID 108 3072814
1781789312581772936 ASK 114 2357273
1781789312584092198 BID 108 1728511
1781789312584144676 ASK 111 2868478
1781789312585852669 BID 107 2740909
1781789312587035766 ASK 111 2725492
1781789312588631800 BID 107 2289283
1781789312589788970 ASK 111 2312267
1781789312590947232 BID 106 17868404
1781789312608728252 ASK 111 617368
1781789312608868655 BID 106 1748420
1781789312609403438 ASK 99 1260775
1781789312610115649 BID 93 17844314
1781789312627919827 ASK 99 41460402
1781789312669420204 ASK 109 82285
1781789312674776122 ASK 109 1216361
1781789312676029823 ASK 110 1008722
1781789312677143181 ASK 110 1936833
1781789312678619921 BID 93 1357027
1781789312679116242 ASK 111 1945821
1781789312680004600 BID 96 3243363
1781789312681108290 ASK 111 2633910
1781789312683407462 BID 96 1141792
1781789312684233361 ASK 108 524424
1781789312684623042 BID 98 9206746
1781789312693761590 ASK 108 385974
1781789312693967005 BID 98 794132
1781789312694260696 ASK 107 1194823
1781789312694787166 BID 102 3153001
1781789312697757665 ASK 107 5234918
1781789312702765898 BID 102 1560096
1781789312703023922 ASK 112 2385030
1781789312704354217 BID 98 22681603
1781789312726950450 ASK 112 1478162
1781789312727341604 BID 98 1986997
1781789312728095588 BID 96 41701664
1781789312728558045 ASK 106 41319037
1781789312769837898 BID 96 96441
1781789312769890126 ASK 106 113598
1781789312771104715 BID 93 689162
1781789312771187500 ASK 103 2857399
1781789312774076729 ASK 103 1215013
1781789312775381461 ASK 104 2202875
1781789312779326991 BID 93 1424852
1781789312780909008 BID 92 1038758
1781789312781489517 ASK 104 2606619
1781789312784122004 ASK 95 1091477
1781789312787078001 ASK 95 29338423
1781789312816318360 BID 92 1654905
1781789312816449236 ASK 109 2676623
1781789312818005516 BID 91 41690828
1781789312859786052 BID 91 1825048
1781789312861753717 BID 90 1840638
1781789312862507426 ASK 109 1997474
1781789312864629414 ASK 107 1008789
1781789312872571998 ASK 107 3052645
1781789312875551336 BID 90 1354290
1781789312875730813 ASK 109 2214072
1781789312877027024 BID 90 5648067
1781789312882592705 ASK 109 1479692
1781789312882701720 BID 90 2251800
1781789312884096102 ASK 110 2080884
1781789312884979790 BID 93 2221671
1781789312886262055 ASK 110 8683090
1781789312894880133 BID 93 534277
1781789312894988096 ASK 102 2179382
1781789312895441581 BID 96 4936028
1781789312899892329 ASK 102 1994243
1781789312900401324 BID 96 2984573
1781789312901910587 ASK 103 2563851
1781789312903418919 BID 98 13370274
1781789312916744219 ASK 103 2088527
1781789312916811996 BID 98 3198879
1781789312918859847 ASK 104 2306278
1781789312920039930 BID 97 2459044
1781789312921328099 ASK 104 2377770
1781789312922538398 BID 97 2299152
1781789312923742036 ASK 105 2219352
1781789312924921889 BID 96 1985774
1781789312925988690 ASK 105 8580413
1781789312934466851 BID 96 1343740
1781789312934683187 ASK 112 2092645
1781789312935974729 BID 98 1813531
1781789312936940250 ASK 112 2569906
1781789312939370544 BID 98 41687532
1781789312939577783 ASK 108 41881365
1781789312981391512 BID 101 2409871
1781789312981547664 ASK 108 3388330
1781789312983317614 ASK 108 5258052
1781789312988230739 BID 101 23243415
1781789313011378515 ASK 108 3221362
1781789313011494652 BID 93 4571525
1781789313014628049 ASK 109 2653497
1781789313016099449 BID 93 2420039
1781789313017442368 ASK 109 2434265
1781789313018553442 BID 105 2445366
1781789313020030141 ASK 110 43136621
1781789313022095573 BID 105 41149636
1781789313063209923 ASK 110 73277
1781789313063267611 BID 97 1327014
1781789313064317821 ASK 108 2937865
1781789313070333719 BID 97 1683047
1781789313072057873 BID 99 1069677
1781789313073165511 BID 99 1187777
1781789313074491948 BID 98 711986
1781789313075394882 BID 98 1730285
1781789313077527923 BID 97 929243
1781789313085060611 BID 97 416429
1781789313085510883 BID 96 1656477
1781789313087222213 BID 96 2397528
1781789313089567844 ASK 108 1290961
1781789313089653094 BID 95 2601840
1781789313090898059 ASK 99 2486379
1781789313092488989 BID 95 3903146
1781789313096095347 BID 92 2300304
1781789313097207934 ASK 99 9369763
1781789313097952690 ASK 109 8640687
1781789313106543513 BID 92 10763017
1781789313117265113 ASK 109 1612895
1781789313117404674 BID 90 2340029
1781789313118953590 ASK 108 1783646
1781789313120700065 BID 90 2093156
1781789313120994547 ASK 108 2688673
1781789313122827666 BID 89 2122090
1781789313123822151 ASK 109 1175965
1781789313124967489 BID 89 5454665
1781789313130042162 ASK 109 684238
1781789313130668592 BID 88 890981
1781789313130954418 ASK 108 3081870
1781789313133517315 BID 88 6313591
1781789313139708326 ASK 108 1333411
1781789313140038716 BID 90 2267944
1781789313141258955 ASK 109 2875863
1781789313144005005 BID 90 210304
1781789313144183840 ASK 109 1306461
1781789313144226581 BID 99 2229231
1781789313145830379 ASK 110 7581767
1781789313153355440 BID 99 4074865
1781789313157294881 ASK 110 1594030
1781789313157451395 BID 97 2639929
1781789313159043571 ASK 111 14512960
1781789313173518840 BID 97 417714
1781789313173677257 ASK 111 1662438
1781789313173960449 BID 99 2069983
1781789313175402423 ASK 108 1184412
1781789313176066048 BID 99 17704786
1781789313193617687 ASK 108 563848
1781789313193795380 BID 104 1647560
1781789313194271263 ASK 111 4794968
1781789313199027919 BID 104 5701058
1781789313204569918 ASK 111 2053983
1781789313204805490 BID 99 3018136
1781789313206714200 ASK 112 10579420
1781789313217100518 BID 99 2421183
1781789313219411535 ASK 112 1694783
1781789313219634723 BID 97 2622243
1781789313221163055 ASK 113 17589525
1781789313238654536 BID 97 3131318
1781789313241703831 ASK 113 636347
1781789313241823786 BID 90 1861726
1781789313242391113 ASK 101 13236618
1781789313255570654 BID 90 8986633
1781789313264405111 ASK 101 1085917
1781789313265362096 BID 88 467638
1781789313265543186 ASK 104 2963871
1781789313268464548 BID 88 1221181
1781789313269354847 ASK 104 1258431
1781789313269744007 BID 87 1814814
1781789313270740516 ASK 104 1977940
1781789313272456485 BID 87 3005822
1781789313275389531 ASK 104 1602700
1781789313275475392 BID 97 2540808
1781789313277068402 ASK 112 3673643
1781789313280703152 BID 97 262893
1781789313280754418 ASK 112 1205321
1781789313281024665 BID 94 1894323
1781789313282028578 ASK 113 30660686
1781789313312656453 BID 94 543068
1781789313312827604 ASK 113 2913624
1781789313313225811 BID 102 4118395
1781789313315797934 ASK 107 44897999
1781789313318499171 BID 102 42285489
1781789313360729106 ASK 107 160030
1781789313360804728 BID 102 102692
1781789313361477580 ASK 109 424886
1781789313367997955 BID 102 1380961
1781789313369410464 BID 101 1167249
1781789313370637896 BID 101 2034219
1781789313372704647 BID 100 929324
1781789313373675748 BID 100 2357051
1781789313376141198 BID 99 1547535
1781789313377736852 BID 99 2401364
1781789313380175096 BID 98 1183780
1781789313381441461 BID 98 1252421
1781789313382776166 BID 97 2354121
1781789313394278299 ASK 109 5486010
1781789313399724133 BID 97 473534
1781789313399789055 ASK 108 2002937
1781789313400285883 BID 96 15782773
1781789313416016819 ASK 108 1455660
1781789313416087822 BID 96 2527734
1781789313417600289 ASK 107 2364066
1781789313418674777 BID 100 12231130
1781789313430831066 ASK 107 7926527
1781789313438686240 BID 100 1868245
1781789313438809210 ASK 108 2878078
1781789313440577757 BID 99 43094156
1781789313442532804 ASK 108 41202267
1781789313483703031 BID 99 70432
1781789313483747555 ASK 109 88245
1781789313484352419 BID 91 435327
1781789313486329468 ASK 109 305583
1781789313486717576 ASK 107 930615
1781789313491863106 BID 91 757260
1781789313492648479 BID 98 2998204
1781789313495162255 ASK 107 1885907
1781789313497074120 ASK 102 1670353
1781789313499465235 BID 98 1500103
1781789313500994493 BID 97 2038173
1781789313507847667 ASK 102 260529
1781789313507982961 BID 97 1171347
1781789313508132842 ASK 103 2093806
1781789313508924737 BID 98 2528662
1781789313510286921 ASK 103 14833091
1781789313525022259 BID 98 1616111
1781789313525175105 ASK 110 2668124
1781789313526732587 BID 97 4354697
1781789313530952351 ASK 110 1600449
1781789313531191369 BID 97 2212429
1781789313532075455 BID 89 1522448
1781789313532661364 ASK 93 6284116
1781789313538904083 BID 89 105698
1781789313538963114 ASK 93 1295602
1781789313539025200 BID 92 1522307
1781789313540126728 ASK 98 6595991
1781789313546588177 BID 92 432772
1781789313546750983 ASK 98 1585314
1781789313547108393 BID 100 1280962
1781789313547853901 ASK 106 41844712
1781789313589791437 ASK 106 1841665
1781789313590660718 BID 100 1639755
1781789313591768716 ASK 107 1122335
1781789313592322274 BID 99 955663
1781789313593374288 BID 99 273734
1781789313593767555 BID 98 450565
1781789313594262423 BID 98 950513
1781789313595225340 BID 97 605766
1781789313603441139 BID 97 1648692
1781789313605114988 BID 96 1217775
1781789313606427921 BID 96 1426395
1781789313607884763 BID 95 2473940
1781789313610467807 BID 95 2364675
1781789313612859954 BID 94 1509842
1781789313614452020 BID 94 2519486
1781789313617007814 BID 93 1442615
1781789313618528887 BID 93 2760929
1781789313621319711 BID 95 1426255
1781789313622764641 BID 95 2323828
1781789313624864399 ASK 107 1100594
1781789313625200700 BID 94 1394285
1781789313626013885 ASK 108 1606814
1781789313626612157 BID 94 1806138
1781789313627744962 ASK 108 1540590
1781789313628456457 BID 93 1589562
1781789313629330316 ASK 109 1271644
1781789313630121580 BID 93 1076128
1781789313630721304 ASK 109 1087009
1781789313631327391 BID 95 910015
1781789313631845223 ASK 110 1097616
1781789313634155614 BID 95 198623
1781789313634313820 ASK 110 498696
1781789313634376428 BID 94 978385
1781789313634925247 ASK 109 473879
1781789313635373347 BID 94 831901
1781789313636248369 BID 93 589819
1781789313637713990 ASK 109 263995
1781789313638039661 ASK 110 180959
1781789313638910063 ASK 110 428985
1781789313639378862 ASK 109 612419
1781789313651570118 BID 93 1713755
1781789313653343363 BID 93 2283043
1781789313659903798 BID 93 315622
1781789313659998826 ASK 109 1572509
1781789313660273652 BID 103 3668039
1781789313661600791 ASK 110 46110623
1781789313665088813 BID 103 42883761
1781789313707756850 ASK 110 1602566
1781789313708500294 BID 95 1787703
1781789313709459994 ASK 107 1761193
1781789313717412439 ASK 107 1476269
1781789313719016137 ASK 100 1982008
1781789313721939530 ASK 100 1692324
1781789313723707176 ASK 101 1811567
1781789313725165321 BID 95 1287214
1781789313725604945 ASK 101 1724445
1781789313726503280 BID 99 1832437
1781789313727350750 ASK 102 2006713
1781789313729388321 ASK 102 642315
1781789313730069749 ASK 103 1401609
1781789313731185682 BID 99 1008331
1781789313731607073 ASK 103 1307643
1781789313732241833 BID 98 1253822
1781789313733155176 ASK 104 1166528
1781789313733520642 BID 98 1593389
1781789313734461256 ASK 104 881703
1781789313735158924 BID 97 768732
1781789313735403523 ASK 105 2111430
1781789313736086995 BID 97 1500003
1781789313737536404 ASK 105 598052
1781789313737597598 BID 95 949681
1781789313738199637 ASK 104 1393975
1781789313739623999 ASK 104 647254
1781789313740298053 ASK 105 522871
1781789313740903649 ASK 105 365175
1781789313741477415 ASK 106 405470
1781789313741996398 ASK 106 79910
1781789313742095184 ASK 107 624762
1781789313742776882 ASK 107 741020
1781789313743535425 ASK 108 555702
1781789313747962115 ASK 108 1493694
1781789313749488200 ASK 100 1110653
1781789313749622191 BID 95 1713734
1781789313751365270 BID 94 838303
1781789313752271570 BID 94 1287194
1781789313753285101 ASK 100 1422558
1781789313753764390 BID 93 1695560
1781789313754770086 ASK 101 1422689
1781789313755524722 BID 93 1467241
1781789313757019716 BID 92 1532434
1781789313758242459 ASK 101 1894573
1781789313759519514 BID 92 1601213
1781789313760385699 ASK 101 1537253
1781789313761143730 BID 90 2789462
1781789313763881475 ASK 101 454783
1781789313763954092 BID 90 1444729
1781789313764370693 ASK 102 2113153
1781789313765435139 BID 89 1511174
1781789313766595966 ASK 102 22018112
1781789313788349903 BID 89 555482
1781789313788644906 ASK 110 1451627
1781789313788977880 BID 93 2879917
1781789313791519042 ASK 110 8442104
1781789313799928244 BID 93 563687
1781789313799973018 ASK 106 2626446
1781789313800748532 BID 89 7703077
1781789313808254219 ASK 106 5961001
1781789313813883217 BID 89 422372
1781789313814254674 ASK 106 897373
1781789313814328262 BID 90 6129025
1781789313820380593 ASK 106 425268
1781789313820592030 BID 90 2217219
1781789313820913743 ASK 102 3014194
1781789313822948340 BID 89 1928657
1781789313824704183 ASK 102 16414236
1781789313840888608 BID 89 2544771
1781789313841204911 ASK 106 3515010
1781789313843461521 BID 98 4840161
1781789313848169524 ASK 106 2747904
1781789313850881300 BID 98 383900
1781789313850957653 ASK 107 1740394
1781789313851412576 BID 97 14739663
1781789313866118496 ASK 107 510890
1781789313866170273