1781792169484333807 BID 98 212410
1781792169484378551 ASK 102 42283633
1781792170880900121 BID 98 244949
1781792170881180627 BID 97 266971
1781792171036832807 ASK 102 111474
1781792171037003952 ASK 103 233113
1781792171068538291 BID 97 175770
1781792171068819810 BID 99 345072
1781792171211557397 BID 99 424286
1781792171212031938 BID 98 562453
1781792171212766013 BID 98 157927
1781792171213213975 BID 97 235692
1781792171218014930 BID 97 373423
1781792171218581775 BID 96 464687
1781792171295238358 ASK 103 138214
1781792171295529799 ASK 104 203010
1781792171355139291 BID 96 273272
1781792171355443401 BID 98 391144
1781792171438090631 BID 98 453666
1781792171438562180 BID 97 313021
1781792171438914454 BID 97 239129
1781792171439177237 BID 96 328446
1781792171537016505 BID 96 308248
1781792171537351763 BID 95 200547
1781792171538195135 BID 95 151344
1781792171538373630 BID 96 212184
1781792171544007339 BID 96 145553
1781792171544181295 BID 95 252925
1781792171578202173 ASK 104 261977
1781792171578509805 ASK 98 302588
1781792171640591479 ASK 98 178645
1781792171640870672 ASK 99 366738
1781792171641345403 ASK 99 437000
1781792171641817529 ASK 100 148999
1781792171642195508 ASK 100 191579
1781792171642415671 ASK 101 268634
1781792171642714963 ASK 101 321162
1781792171643079717 ASK 102 253616
1781792171643415697 ASK 102 221516
1781792171643714288 ASK 103 226265
1781792171644027496 ASK 103 251482
1781792171644315516 ASK 104 760767
1781792171667989884 BID 95 380685
1781792171668415514 BID 96 223640
1781792171696638558 BID 96 497528
1781792171697158018 BID 97 172979
1781792171731826936 BID 97 41015269
1781792171772878804 BID 95 152736
1781792171925626676 ASK 104 277741
1781792171925843313 BID 95 334638
1781792171925924084 ASK 103 684259
1781792171926203930 BID 96 742487
1781792171945442385 ASK 103 272938
1781792171945777630 ASK 104 277330
1781792172011667809 ASK 104 199929
1781792172011905689 ASK 105 342282
1781792172062547691 BID 96 646856
1781792172063224152 BID 95 216687
1781792172201116361 BID 95 438268
1781792172201457772 ASK 105 588028
1781792172201628026 BID 94 610591
1781792172202073963 ASK 106 453767
1781792172412293730 BID 94 254934
1781792172412584492 BID 96 257929
1781792172460476816 BID 96 124533
1781792172460765678 BID 102 327931
1781792172821676436 BID 102 627027
1781792172822332406 BID 101 229390
1781792172822585080 BID 101 428374
1781792172823054961 BID 100 383049
1781792172823605199 BID 100 414993
1781792172824043115 BID 99 519771
1781792172824607149 BID 99 393518
1781792172825031044 BID 98 444364
1781792172825508560 BID 98 442895
1781792172826027237 BID 97 475342
1781792172826532916 BID 97 328522
1781792172826897666 BID 96 315852
1781792172827236942 BID 96 150753
1781792172827411019 BID 95 374733
1781792172827813955 BID 95 270908
1781792172828106404 BID 94 325339
1781792172876839465 ASK 106 130947
1781792172876999847 ASK 107 289293
1781792172878561176 BID 94 265959
1781792172878840250 BID 96 230964
1781792172898845568 BID 96 211169
1781792172899091453 BID 100 232282
1781792172949481126 ASK 107 679664
1781792172950189685 ASK 106 449904
1781792172951295123 ASK 106 324843
1781792172951716587 ASK 107 237926
1781792172959445576 BID 100 188203
1781792172959726543 BID 99 243176
1781792172960055450 BID 99 434505
1781792172960567290 BID 98 166783
1781792172960780109 BID 98 350468
1781792172961165833 BID 97 455274
1781792172961698512 BID 97 236105
1781792172961962109 BID 96 348251
1781792172992240177 ASK 107 346801
1781792172992674081 ASK 116 163008
1781792172997524995 BID 96 243406
1781792172997558397 ASK 116 842560
1781792172997803307 BID 110 1132794
1781792172998433819 ASK 117 849805
1781792173012315852 BID 110 160511
1781792173012519093 BID 109 248456
1781792173012780824 BID 109 310922
1781792173013177276 BID 108 159456
1781792173013400572 BID 108 207850
1781792173013631285 BID 107 251064
1781792173013908067 BID 107 200909
1781792173014135626 BID 106 236261
1781792173014396363 BID 106 260829
1781792173014713127 BID 105 436750
1781792173015167139 BID 105 107033
1781792173015512664 BID 97 138590
1781792173059243954 BID 97 161738
1781792173059439646 BID 109 264115
1781792173100201950 BID 109 535145
1781792173100768043 BID 111 304540
1781792173114581459 ASK 117 52813395
1781792173167428628 ASK 129 484129
1781792173168574773 ASK 129 659154
1781792173169362659 ASK 130 437230
1781792173169817943 ASK 130 200586
1781792173174364771 ASK 129 153918
1781792173210535080 ASK 129 236193
1781792173210850652 ASK 114 329524
1781792173212909239 BID 111 40878468
1781792173253825058 BID 95 147136
1781792173260922186 BID 95 108754
1781792173261053332 BID 94 279860
1781792173382958002 BID 94 169347
1781792173383171873 BID 101 225335
1781792173398471734 BID 101 40303929
1781792173438829844 BID 98 194695
1781792173439835786 BID 98 291196
1781792173440271784 BID 99 162635
1781792173495895423 BID 99 217688
1781792173496188052 BID 98 133801
1781792173507979232 ASK 114 290881
1781792173508295550 ASK 115 228479
1781792173577223749 BID 98 438121
1781792173577694522 BID 97 195416
1781792173577906530 BID 97 268715
1781792173578201713 BID 96 283933
1781792173578547983 BID 96 256224
1781792173578853429 BID 95 225585
1781792173579110463 BID 95 291657
1781792173579466701 BID 94 284103
1781792173590060480 ASK 115 243107
1781792173590488504 ASK 107 166903
1781792173630053429 ASK 107 225105
1781792173630307368 ASK 108 179793
1781792173630576097 ASK 108 137518
1781792173630846535 ASK 109 154680
1781792173631067509 ASK 109 118092
1781792173631211990 ASK 110 198733
1781792173631486576 ASK 110 173034
1781792173631777311 ASK 111 216270
1781792173655856606 ASK 111 154291
1781792173656039962 ASK 110 364572
1781792173677512088 BID 94 310678
1781792173677906724 BID 101 175339
1781792173915076000 ASK 110 354325
1781792173915455362 ASK 111 964168
1781792173916050358 BID 101 474130
1781792173916445028 ASK 111 494988
1781792173916798882 BID 94 751458
1781792173917161682 ASK 112 702055
1781792173921877650 ASK 112 41638387
1781792173963568466 ASK 117 180844
1781792173975583226 ASK 117 487378
1781792173976099098 ASK 117 345195
1781792174047134004 BID 94 172053
1781792174047171424 ASK 117 390142
1781792174047410623 BID 101 498375
1781792174047676341 ASK 118 598984
1781792174048443841 ASK 118 158112
1781792174048624044 ASK 119 272492
1781792174049121277 ASK 119 414918
1781792174049567244 ASK 120 438978
1781792174050316855 ASK 120 95229
1781792174050435308 ASK 121 283897
1781792174050930356 ASK 121 193257
1781792174051230434 ASK 122 145743
1781792174051538081 ASK 122 192862
1781792174051874322 ASK 123 197660
1781792174052306452 ASK 123 379397
1781792174052700096 ASK 124 207840
1781792174052942251 ASK 124 478387
1781792174053482815 ASK 125 417587
1781792174053932232 ASK 125 450385
1781792174054455233 ASK 126 452855
1781792174054932424 ASK 126 408090
1781792174055402050 ASK 127 299127
1781792174055731213 ASK 127 277840
1781792174056033900 ASK 128 318372
1781792174056377720 ASK 128 347497
1781792174056773267 ASK 129 302578
1781792174057100701 ASK 129 367349
1781792174057492136 ASK 130 344549
1781792174057861011 ASK 130 408386
1781792174058297830 ASK 131 162204
1781792174058520638 ASK 131 343264
1781792174058895732 ASK 132 184418
1781792174085717210 ASK 132 454233
1781792174086200527 ASK 122 323542
1781792174107018247 BID 101 168496
1781792174107232629 BID 119 292433
1781792174109307225 ASK 122 214783
1781792174109555742 ASK 123 366046
1781792174109952927 ASK 123 233648
1781792174110245706 ASK 124 253335
1781792174110561959 ASK 124 263825
1781792174110914000 ASK 125 175409
1781792174111341782 ASK 125 101080
1781792174111465684 ASK 126 243938
1781792174111721915 ASK 126 614703
1781792174112356646 ASK 133 180118
1781792174119951959 BID 119 223064
1781792174120296701 BID 118 298069
1781792174120779797 BID 118 287514
1781792174121200842 BID 117 104536
1781792174121328241 BID 117 393213
1781792174121938241 BID 116 259176
1781792174122263621 BID 116 161713
1781792174122492691 BID 115 493195
1781792174123103467 BID 115 99978
1781792174123381077 BID 114 95810
1781792174123621789 BID 114 400441
1781792174124036828 BID 101 163006
1781792174148047882 ASK 133 250811
1781792174148409400 ASK 112 355467
1781792174149387962 ASK 112 306900
1781792174149805590 ASK 106 214702
1781792174172928676 ASK 106 333578
1781792174173416373 ASK 107 170748
1781792174173613812 ASK 107 274526
1781792174173921210 ASK 108 269511
1781792174174254621 ASK 108 131376
1781792174174400755 ASK 109 190307
1781792174174608856 ASK 109 226580
1781792174174867686 ASK 110 350547
1781792174175242769 ASK 110 120547
1781792174175511864 ASK 112 211938
1781792174178466928 ASK 112 145082
1781792174178677684 ASK 111 200796
1781792174225839458 BID 101 41993840
1781792174267876409 BID 95 298360
1781792174275045208 ASK 111 121067
1781792174275199688 ASK 112 270517
1781792174281995247 ASK 112 504621
1781792174282529394 ASK 101 355196
1781792174316790351 BID 95 159840
1781792174316978253 BID 94 333546
1781792174435151184 ASK 101 449363
1781792174435744537 ASK 102 250960
1781792174436025534 ASK 102 344106
1781792174436406208 ASK 103 304581
1781792174436737500 ASK 103 204238
1781792174436968227 ASK 104 404695
1781792174437501253 ASK 104 199645
1781792174437872228 ASK 105 123101
1781792174438049301 ASK 105 255268
1781792174438466102 ASK 106 133701
1781792174438613649 ASK 106 314109
1781792174438950110 ASK 107 226951
1781792174446196110 ASK 107 315361
1781792174446582004 ASK 108 468863
1781792174498120439 ASK 108 647697
1781792174498797661 ASK 109 254758
1781792174498942653 BID 94 477003
1781792174499068820 ASK 109 739159
1781792174499442329 BID 93 753072
1781792174499831182 ASK 110 554080
1781792174500218384 BID 93 435359
1781792174500500308 ASK 110 354243
1781792174500679952 BID 92 487244
1781792174500873896 ASK 111 559642
1781792174501293654 BID 92 329410
1781792174501456872 ASK 111 330761
1781792174501636720 BID 91 336821
1781792174501849368 ASK 112 412664
1781792174501987648 BID 91 409724
1781792174502580826 BID 90 213295
1781792174502887346 BID 90 227567
1781792174503168653 BID 89 128592
1781792174503312483 BID 89 241253
1781792174503600784 BID 88 210094
1781792174534597925 ASK 112 806322
1781792174535458469 ASK 108 453221
1781792174598379889 ASK 108 229170
1781792174598695952 ASK 107 121378
1781792174611495632 ASK 107 218100
1781792174611856329 ASK 108 346390
1781792174615276936 ASK 108 198955
1781792174615503493 ASK 101 175810
1781792174637888132 BID 88 382547
1781792174638300946 BID 87 244261
1781792174638678437 BID 87 315704
1781792174639021523 BID 86 346675
1781792174639449841 BID 86 237927
1781792174639712264 BID 85 236384
1781792174639973314 BID 85 286660
1781792174640360683 BID 84 219118
1781792174640665732 BID 84 125976
1781792174640993146 BID 83 92594
1781792174709045106 BID 83 120724
1781792174709278602 BID 93 411302
1781792174724841339 ASK 101 42289174
1781792174767162643 ASK 102 209583
1781792174795035578 ASK 102 502824
1781792174795692421 ASK 103 170274
1781792174795895666 ASK 103 274853
1781792174796266249 ASK 104 233668
1781792174796543469 ASK 104 135143
1781792174796759214 ASK 105 394778
1781792174797179821 ASK 105 399328
1781792174797661874 ASK 106 223119
1781792174797909950 ASK 106 331291
1781792174798267881 ASK 107 480414
1781792174798779153 ASK 107 127616
1781792174799032155 ASK 108 164428
1781792174799220428 ASK 108 347076
1781792174799725270 ASK 109 228689
1781792174799980329 ASK 109 267742
1781792174800297934 ASK 110 124564
1781792174800544948 ASK 110 561263
1781792174801123133 ASK 113 223179
1781792174823209817 ASK 113 150171
1781792174823415272 ASK 102 353734
1781792174886798497 BID 93 240111
1781792174887097428 BID 91 187427
1781792174887316505 BID 91 209422
1781792174887664838 BID 90 105688
1781792174887784102 BID 90 257884
1781792174888076130 BID 89 228433
1781792174888370326 BID 89 253270
1781792174888679671 BID 88 237050
1781792174888960934 BID 88 284564
1781792174889266758 BID 87 406438
1781792174889699315 BID 87 342010
1781792174890069318 BID 86 204679
1781792174890300948 BID 86 318753
1781792174890675927 BID 85 460726
1781792174891168603 BID 85 247372
1781792174891443397 BID 84 370134
1781792174891838037 BID 84 105869
1781792174891960136 BID 83 283997
1781792174892331577 BID 83 205413
1781792174892562939 BID 82 214354
1781792174894870706 ASK 102 152741
1781792174895119267 ASK 86 222858
1781792174935175021 ASK 86 219787
1781792174935490237 ASK 87 203943
1781792174935761566 ASK 87 214533
1781792174936045419 ASK 88 212884
1781792174936298509 ASK 88 204583
1781792174936514644 ASK 89 271049
1781792174936812303 ASK 89 265118
1781792174937095774 ASK 90 318928
1781792174937472110 ASK 90 272140
1781792174937774006 ASK 91 235853
1781792174938035487 ASK 91 304772
1781792174938370345 ASK 92 243226
1781792174938716104 ASK 92 572158
1781792174939302880 ASK 93 387883
1781792174939714758 ASK 93 158287
1781792174940058102 ASK 102 98755
1781792174985646504 BID 82 425173
1781792174986110399 BID 95 357572
1781792174987861525 BID 95 281858
1781792174988095283 ASK 102 326392
1781792174988162138 BID 82 650431
1781792174988441523 ASK 103 17663071
1781792175006059589 BID 82 367349
1781792175006125993 ASK 103 857469
1781792175006451153 BID 85 701967
1781792175007018377 ASK 104 50833689
1781792175058877632 BID 85 210477
1781792175059139556 BID 90 314475
1781792175062891359 ASK 104 170329
1781792175063136258 ASK 105 277977
1781792175063717614 ASK 105 186820
1781792175063962273 ASK 106 135694
1781792175064162298 ASK 106 357691
1781792175064535558 ASK 107 134312
1781792175064767463 ASK 107 187582
1781792175065015609 ASK 108 250049
1781792175065322114 ASK 108 191760
1781792175065606999 ASK 109 521859
1781792175066149446 ASK 109 302823
1781792175066479841 ASK 106 333545
1781792175140067054 BID 90 205335
1781792175140383688 BID 95 284584
1781792175146256595 ASK 106 479259
1781792175146754329 ASK 107 234069
1781792175146999229 ASK 107 348033
1781792175147360867 ASK 111 378897
1781792175202389045 ASK 111 283151
1781792175202701802 ASK 112 145176
1781792175243728902 ASK 112 535374
1781792175244183284 BID 95 240156
1781792175244282631 ASK 113 556529
1781792175244505625 BID 94 680160
1781792175244908630 ASK 113 603327
1781792175245242702 BID 94 676123
1781792175245565868 ASK 114 605626
1781792175245944103 BID 93 541155
1781792175246198365 ASK 114 559084
1781792175246554658 BID 93 467377
1781792175246782445 ASK 115 429616
1781792175247044838 BID 92 432280
1781792175247233512 ASK 115 551194
1781792175247507005 BID 92 663249
1781792175247816265 ASK 116 509438
1781792175248195632 BID 91 430976
1781792175248695447 BID 91 280035
1781792175249009326 BID 90 357854
1781792175249385825 BID 90 367514
1781792175249778776 BID 89 383941
1781792175250191260 BID 89 312808
1781792175250530257 BID 88 428092
1781792175285603725 BID 88 528189
1781792175286162943 BID 87 383780
1781792175286703427 BID 87 506860
1781792175287227199 BID 86 167926
1781792175287554244 BID 86 905372
1781792175288521963 BID 85 287029
1781792175289087765 BID 85 214598
1781792175289329794 BID 84 536712
1781792175290126451 BID 84 259667
1781792175290418950 BID 83 385390
1781792175290892215 BID 83 218469
1781792175291134860 BID 82 258324
1781792175291453908 BID 82 98325
1781792175291575136 BID 81 897404
1781792175292537722 BID 81 289388
1781792175292859060 BID 80 342913
1781792175293569362 BID 80 386425
1781792175294067276 BID 79 298195
1781792175294480837 BID 79 258450
1781792175294778941 BID 78 495690
1781792175295555728 BID 78 315081
1781792175295900866 BID 77 304461
1781792175296453047 BID 77 253846
1781792175296736218 BID 76 351605
1781792175297315725 BID 76 302457
1781792175297666162 BID 75 432397
1781792175298157499 BID 75 261556
1781792175298447348 BID 74 511139
1781792175299031824 BID 74 268905
1781792175299407710 BID 73 324134
1781792175299908218 BID 73 191470
1781792175300121729 BID 72 330325
1781792175300750128 BID 72 381050
1781792175301227138 BID 71 930180
1781792175302430681 BID 71 211707
1781792175302685890 BID 70 115762
1781792175303039598 BID 70 122144
1781792175303183984 BID 69 346283
1781792175303768063 BID 69 141041
1781792175303937388 BID 68 301228
1781792175304421649 BID 68 250732
1781792175304705553 BID 67 307393
1781792175305340485 BID 67 407875
1781792175305806269 BID 66 453255
1781792175306411539 BID 66 289548
1781792175306732075 BID 65 167274
1781792175307071953 BID 65 124143
1781792175307262911 BID 64 295444
1781792175307688119 BID 64 122755
1781792175307852412 BID 63 352431
1781792175308265677 BID 63 227122
1781792175308518216 BID 62 373611
1781792175309147044 BID 62 135045
1781792175309346520 BID 61 359270
1781792175310008046 BID 61 273082
1781792175310311926 BID 79 330971
1781792175319061355 BID 79 305883
1781792175319385032 BID 91 233042
1781792175324478187 BID 91 288960
1781792175324793496 BID 99 603655
1781792175332676266 ASK 116 303109
1781792175333010513 ASK 104 409997
1781792175337666818 ASK 104 27301658
1781792175364930775 BID 99 222888
1781792175364984887 ASK 116 423719
1781792175365186495 BID 91 86461209
1781792175466392030 BID 91 338981
1781792175466764383 BID 98 397333
1781792175488084494 BID 98 279308
1781792175488121914 ASK 116 675572
1781792175488443833 BID 110 464621
1781792175488810671 ASK 133 489608
1781792175492127153 BID 110 191213
1781792175492378128 BID 109 190888
1781792175492723797 BID 109 252154
1781792175493035492 BID 108 354075
1781792175493414563 BID 108 259612
1781792175493705093 BID 107 401378
1781792175494140215 BID 107 159213
1781792175494385509 BID 106 240797
1781792175494747223 BID 106 313238
1781792175495081671 BID 105 421911
1781792175495357828 ASK 133 376850
1781792175495519121 BID 105 479539
1781792175495764474 ASK 118 546122
1781792175496057541 BID 104 702893
1781792175496788357 BID 104 224847
1781792175497069340 BID 103 284035
1781792175497382389 BID 103 370696
1781792175497783151 BID 102 208583
1781792175498078077 BID 102 217664
1781792175498417579 BID 101 126397
1781792175498557612 BID 101 267636
1781792175498842310 BID 100 255074
1781792175499119786 BID 100 301530
1781792175499449429 BID 99 306014
1781792175499780300 BID 99 248431
1781792175500052155 BID 98 296947
1781792175533423712 BID 98 258818
1781792175533723366 BID 114 181871
1781792175544712201 ASK 118 221706
1781792175545012615 ASK 119 242565
1781792175545278253 ASK 119 177328
1781792175545566018 ASK 120 169360
1781792175545825367 ASK 120 273854
1781792175546225059 ASK 121 387147
1781792175546721280 ASK 121 155933
1781792175547057932 ASK 122 278768
1781792175547365675 ASK 122 197911
1781792175547585187 ASK 123 317538
1781792175547930617 ASK 123 235732
1781792175548307604 ASK 124 314737
1781792175548661455 ASK 124 272802
1781792175548957972 ASK 125 347626
1781792175549337338 ASK 125 398542
1781792175549763512 ASK 126 367490
1781792175550158925 ASK 126 176135
1781792175550362261 ASK 127 330828
1781792175550723486 ASK 127 889759
1781792175551629796 ASK 133 179459
1781792175569898077 ASK 133 159712
1781792175570137799 ASK 131 180969
1781792175606452756 ASK 131 368236
1781792175606856569 ASK 121 343635
1781792175645855355 BID 114 524158
1781792175646421883 BID 113 162245
1781792175646609885 BID 113 226044
1781792175646861107 BID 112 320887
1781792175647312028 BID 112 432671
1781792175647817606 BID 91 304642
1781792175704834548 ASK 121 281839
1781792175705207237 ASK 113 424074
1781792175713853027 ASK 113 140569
1781792175714091550 ASK 110 198372
1781792175841724422 ASK 110 641493
1781792175842394058 ASK 110 275517
1781792175844239941 ASK 110 605985
1781792175844878216 ASK 100 345350
1781792175887547571 ASK 100 296096
1781792175887873873 ASK 101 219541
1781792175888122038 ASK 101 200852
1781792175888350582 ASK 102 335384
1781792175888752871 ASK 102 261747
1781792175889038993 ASK 103 174373
1781792175889298596 ASK 103 243289
1781792175889605334 ASK 104 317052
1781792175891859333 BID 91 216426
1781792175891922321 ASK 104 544321
1781792175892110884 BID 98 781013
1781792175892519200 ASK 105 644566
1781792175893182582 ASK 105 520599
1781792175893881195 ASK 106 200809
1781792175894107742 ASK 106 160111
1781792175894352251 ASK 107 190277
1781792175894580579 ASK 107 264376
1781792175894868500 ASK 108 612248
1781792175895557752 ASK 108 634146
1781792175896336319 ASK 109 136124
1781792175896499354 ASK 109 402455
1781792175896927778 ASK 110 322827
1781792175897275781 ASK 110 272375
1781792175897599172 ASK 111 602500
1781792175898226990 ASK 111 511830
1781792175898766823 ASK 112 322435
1781792175899113704 ASK 112 301857
1781792175899581601 ASK 113 390022
1781792175899984177 ASK 113 331117
1781792175900338767 ASK 114 288714
1781792175900677014 ASK 114 320870
1781792175901028341 ASK 115 302782
1781792175901354407 ASK 115 321278
1781792175901704368 ASK 116 327490
1781792175902059760 ASK 116 310117
1781792175902397038 ASK 117 344387
1781792175902792170 ASK 117 275240
1781792175903220898 ASK 118 156304
1781792175903393212 ASK 118 279915
1781792175903759138 ASK 119 370385
1781792175904155021 ASK 119 197376
1781792175904379498 ASK 120 293836
1781792175904702989 ASK 120 252108
1781792175904977910 ASK 121 324133
1781792175905350774 ASK 121 265443
1781792175905711967 ASK 122 240918
1781792175905977820 ASK 122 416241
1781792175906411293 ASK 131 304011
1781792175919222788 BID 98 40739815
1781792175960008659 BID 87 510059
1781792175975137212 BID 87 183344
1781792175975357786 BID 86 612507
1781792175976125795 BID 86 257815
1781792175976451338 BID 85 127720
1781792175976849422 BID 85 243444
1781792175977115989 BID 84 344492
1781792175977516656 BID 84 347239
1781792175977896827 BID 83 282668
1781792175978356728 BID 83 128270
1781792175978564136 BID 82 264361
1781792175978977857 BID 82 113298
1781792175979114328 BID 81 434200
1781792175979821079 BID 81 149741
1781792175980038467 BID 80 202159
1781792175980561558 BID 80 180825
1781792175980794200 BID 79 279139
1781792175981253422 BID 79 138504
1781792175981417033 BID 78 280040
1781792175981913975 BID 78 150928
1781792175982089429 BID 77 334593
1781792175982586186 BID 77 254185
1781792175982872692 BID 76 250269
1781792175983193083 BID 76 289355
1781792175983517033 BID 75 415910
1781792175984113211 BID 75 104837
1781792175984336981 BID 74 217849
1781792175984837981 BID 74 142477
1781792175985004794 BID 73 282810
1781792175985515497 BID 73 234270
1781792175985821131 BID 72 388483
1781792175986278564 BID 72 150787
1781792175986469717 BID 71 370555
1781792175986855591 BID 71 159138
1781792175988858241 BID 106 273954
1781792176025819928 ASK 131 279829
1781792176026133992 ASK 118 331507
1781792176065635123 ASK 118 270576
1781792176065948068 ASK 109 334377
1781792176086207373 BID 106 475377
1781792176086482890 ASK 109 534807
1781792176086709761 BID 105 713687
1781792176087150336 ASK 110 724298
1781792176087499511 BID 105 520075
1781792176087975183 ASK 110 199164
1781792176088040936 BID 104 860685
1781792176088806432 ASK 118 304111
1781792176088961022 BID 104 344559
1781792176089339214 BID 103 294923
1781792176089923630 BID 103 225639
1781792176090177482 BID 102 311238
1781792176090715055 BID 102 137387
1781792176090878912 BID 101 365716
1781792176091444073 BID 101 228017
1781792176091698189 BID 100 201679
1781792176092154273 BID 100 192723
1781792176092374147 BID 99 264146
1781792176092749281 BID 99 145172
1781792176092918629 BID 98 223359
1781792176093298877 BID 98 121333
1781792176093454474 BID 97 210685
1781792176093864804 BID 97 215224
1781792176094106718 BID 96 239139
1781792176094521737 BID 96 110913
1781792176094660552 BID 95 444378
1781792176095253193 BID 95 94908
1781792176095368630 BID 94 239895
1781792176095805751 BID 94 292598
1781792176096157280 BID 93 348888
1781792176140162989 BID 93 124262
1781792176140343948 BID 92 238587
1781792176140686936 BID 92 449609
1781792176141170889 BID 91 99377
1781792176141281878 BID 91 410049
1781792176141722805 BID 90 200195
1781792176142046873 BID 90 202179
1781792176142294497 BID 89 242806
1781792176142592537 BID 89 229039
1781792176142933336 BID 88 296977
1781792176143245431 BID 88 463219
1781792176143737885 BID 87 215595
1781792176262337195 BID 87 549739
1781792176262906511 BID 87 298893
1781792176272078870 BID 87 900880
1781792176272111501 ASK 118 1366654
1781792176273007492 BID 86 3027059
1781792176273513942 ASK 104 3165339
1781792176276497329 BID 86 3328695
1781792176279849428 BID 85 461024
1781792176280836660 BID 85 638387
1781792176281555889 BID 84 890611
1781792176282500521 BID 84 493306
1781792176283055102 BID 83 651101
1781792176284130209 BID 83 2964672
1781792176287173658 BID 82 610916
1781792176287846721 BID 82 337267
1781792176288211680 BID 81 270357
1781792176288808760 BID 81 276840
1781792176289110236 BID 80 502698
1781792176289917726 BID 80 358843
1781792176290303920 BID 79 2598966
1781792176292965083 BID 79 368371
1781792176293370243 BID 78 253165
1781792176293956703 BID 78 251983
1781792176294264821 BID 77 317145
1781792176295171642 BID 77 207519
1781792176295534894 BID 76 922710
1781792176299073983 BID 76 292208
1781792176299419782 BID 75 831830
1781792176300645702 BID 75 199875
1781792176300877467 BID 74 532249
1781792176301942705 BID 74 425127
1781792176302399422 BID 73 4365644
1781792176306835589 BID 73 386300
1781792176307259589 BID 72 560231
1781792176308055983 BID 72 291908
1781792176308383137 BID 71 586330
1781792176309301730 BID 71 172304
1781792176309563862 BID 70 727725
1781792176310833734 BID 70 452649
1781792176311322030 BID 69 452399
1781792176312099419 BID 69 199484
1781792176312328809 BID 68 507201
1781792176313309779 BID 68 179166
1781792176313522609 BID 67 2645994
1781792176316452034 BID 67 237516
1781792176316716971 BID 66 490300
1781792176317524446 BID 66 267181
1781792176317818588 BID 65 472356
1781792176318648815 BID 65 205586
1781792176318907587 BID 64 6701192
1781792176325765572 BID 64 455855
1781792176326252445 BID 63 394731
1781792176326967166 BID 63 402355
1781792176327398996 BID 62 310152
1781792176328120900 BID 62 178285
1781792176328320635 BID 61 336682
1781792176328950166 BID 61 402104
1781792176329380493 BID 60 1367025
1781792176331132490 BID 60 206908
1781792176331414249 BID 59 718888
1781792176332515044 BID 59 287509
1781792176332877895 BID 58 507963
1781792176334870072 BID 58 443231
1781792176335355372 BID 57 626495
1781792176336292009 BID 57 301436
1781792176336623481 BID 56 550202
1781792176337573774 BID 56 315602
1781792176337921757 BID 55 706675
1781792176339049492 BID 55 258736
1781792176339338234 BID 54 841368
1781792176342028471 BID 54 471514
1781792176342532917 BID 53 2937831
1781792176345584482 BID 53 468098
1781792176346097184 BID 52 618330
1781792176347103301 BID 52 642375
1781792176347774049 BID 51 2692982
1781792176350525672 BID 51 589851
1781792176350563042 ASK 104 1136746
1781792176351176176 BID 50 1142093
1781792176351733662 ASK 91 1041003
1781792176352575692 BID 50 552527
1781792176353226372 BID 49 584567
1781792176354024700 BID 49 254222
1781792176354303818 BID 48 2839530
1781792176357525415 BID 48 2475511
1781792176360027837 BID 47 930366
1781792176361365075 BID 47 514285
1781792176361431500 ASK 91 944797
1781792176361900660 BID 46 1089439
1781792176362397527 ASK 92 1182679
1781792176363440704 BID 46 670147
1781792176363629478 ASK 92 917191
1781792176364140898 BID 45 927920
1781792176364574381 ASK 93 2527381
1781792176365114825 BID 45 2279145
1781792176367349226 ASK 93 955974
1781792176367578727 BID 44 1336257
1781792176368350555 ASK 94 1128737
1781792176369427315 BID 44 670548
1781792176369506253 ASK 94 1191916
1781792176370162314 BID 43 1584582
1781792176370754605 ASK 95 1037065
1781792176371768247 BID 43 341831
1781792176371801840 ASK 95 985449
1781792176372142008 BID 42 1437907
1781792176372863782 ASK 96 2953550
1781792176374763175 BID 42 1483533
1781792176375861906 ASK 96 837882
1781792176376323562 BID 41 834566
1781792176376783716 ASK 97 775906
1781792176377512322 BID 41 323307
1781792176377578366 ASK 97 589586
1781792176377868731 BID 40 719550
1781792176378190555 ASK 98 647334
1781792176379047773 BID 40 2196410
1781792176379131279 ASK 98 2584198
1781792176381281493 BID 39 1430464
1781792176381735986 ASK 99 2260270
1781792176382743646 BID 39 1909983
1781792176384066698 ASK 99 1732450
1781792176384882238 BID 38 1874045
1781792176385865793 ASK 100 1437296
1781792176387150854 BID 38 806813
1781792176387425379 ASK 100 972674
1781792176388023150 BID 37 1085466
1781792176388472533 ASK 101 1250135
1781792176389481837 BID 37 765646
1781792176389786368 ASK 101 1005005
1781792176390303067 BID 36 1113770
1781792176390834845 ASK 102 1116194
1781792176391696371 BID 36 766458
1781792176391996154 ASK 102 1172580
1781792176392506371 BID 35 1264512
1781792176393220490 ASK 103 1162712
1781792176394136399 BID 35 788980
1781792176394996602 BID 34 498075
1781792176395782857 BID 34 279645
1781792176396125189 BID 33 531878
1781792176397014658 BID 33 155542
1781792176397312948 BID 32 386184
1781792176397952027 BID 32 164980
1781792176398163904 BID 31 443753
1781792176398880248 BID 31 285265
1781792176399220436 BID 30 432381
1781792176399971275 BID 30 255539
1781792176400273261 BID 29 463540
1781792176401038858 BID 29 256031
1781792176401337197 BID 28 554270
1781792176402188815 BID 28 191639
1781792176402455695 BID 27 464111
1781792176403200903 BID 27 140925
1781792176403382143 BID 26 660149
1781792176404321586 BID 26 284393
1781792176404662134 BID 25 523753
1781792176405522068 BID 25 312927
1781792176405881532 BID 24 527590
1781792176406711499 BID 24 221065
1781792176406978370 BID 23 580709
1781792176407825158 BID 23 167354
1781792176408059208 BID 22 325772
1781792176408603679 BID 22 213340
1781792176408855692 BID 21 488085
1781792176409527933 BID 21 226154
1781792176409858753 BID 20 381215
1781792176410620683 BID 20 194765
1781792176410859982 BID 19 347822
1781792176411494502 BID 19 266169
1781792176411796609 BID 18 394570
1781792176412398618 BID 18 112571
1781792176412672903 BID 17 515176
1781792176413356505 BID 17 235983
1781792176413797903 BID 16 366998
1781792176414205047 BID 16 291066
1781792176424147760 BID 77 530085
1781792176426969062 BID 77 147647
1781792176427155362 BID 91 545513
1781792176472236357 BID 91 187552
1781792176472453785 BID 84 348985
1781792176472830652 BID 84 363001
1781792176473216245 BID 83 294753
1781792176473529854 BID 83 287519
1781792176473835116 BID 82 313098
1781792176474166218 BID 82 303228
1781792176474496597 BID 81 341311
1781792176474864898 BID 81 354415
1781792176475238158 BID 80 410140
1781792176475694034 BID 80 257292
1781792176475976463 BID 79 321794
1781792176476327081 BID 79 257960
1781792176476611741 BID 78 305072
1781792176476945306 BID 78 283903
1781792176477250960 BID 77 365185
1781792176561150489 BID 77 328035
1781792176561495787 BID 92 316844
1781792176562558884 ASK 103 177379
1781792176562781088 ASK 104 396939
1781792176594419020 ASK 104 166978
1781792176594615724 ASK 105 267141
1781792176594903194 ASK 105 338580
1781792176595274195 ASK 106 306235
1781792176595668234 ASK 106 238162
1781792176596096613 ASK 107 304521
1781792176596513845 ASK 107 256772
1781792176596788130 ASK 108 357801
1781792176597173974 ASK 108 197410
1781792176597444461 ASK 109 180899
1781792176597710670 ASK 109 297088
1781792176598032013 ASK 110 184627
1781792176598469083 ASK 110 297657
1781792176598849605 ASK 111 398960
1781792176599306604 ASK 111 311850
1781792176599645665 ASK 112 281874
1781792176599969047 ASK 112 236925
1781792176600232882 ASK 113 259747
1781792176600524359 ASK 113 293490
1781792176600891217 ASK 114 333766
1781792176601248337 ASK 114 178710
1781792176601451533 ASK 115 229355
1781792176601738817 ASK 115 213641
1781792176601981332 ASK 116 249628
1781792176602261928 ASK 116 277997
1781792176602579199 ASK 117 269220
1781792176602876452 ASK 117 278723
1781792176603176034 ASK 118 194174
1781792176603392600 ASK 118 131887
1781792176603567618 ASK 119 233017
1781792176603819551 ASK 119 125926
1781792176603992455 ASK 120 330280
1781792176604345527 ASK 120 115487
1781792176604476964 ASK 121 273874
1781792176604772138 ASK 121 367354
1781792176605154450 ASK 122 384877
1781792176605659973 ASK 122 182663
1781792176605860680 ASK 110 278337
1781792176634681866 BID 92 257874
1781792176634972621 BID 93 322014
1781792176642701069 BID 93 202472
1781792176642939028 BID 92 253365
1781792176677058882 ASK 110 520276
1781792176677602872 ASK 101 367474
1781792176783433030 BID 92 497508
1781792176783952488 BID 91 195843
1781792176784174561 BID 91 189690
1781792176784391933 BID 90 377829
1781792176784871893 BID 90 248967
1781792176785144735 BID 89 708790
1781792176785921182 BID 89 400391
1781792176786625543 BID 87 258415
1781792176793139263 ASK 101 500990
1781792176793726615 ASK 95 201858
1781792176796752025 BID 87 177513
1781792176796967219 BID 86 527529
1781792176797527710 BID 86 427763
1781792176797978516 BID 85 326122
1781792176798334183 BID 85 353704
1781792176798708025 BID 84 349114
1781792176799107003 BID 84 388183
1781792176799529301 BID 83 467477
1781792176800024018 BID 83 455701
1781792176800536435 BID 82 145974
1781792176833505645 ASK 95 40173174
1781792176873758008 ASK 110 329453
1781792176874690930 BID 82 162867
1781792176874888943 BID 91 308975
1781792176878784127 ASK 110 281242
1781792176879137473 ASK 99 1917588
1781792176963128118 BID 91 265644
1781792176963423157 BID 90 292859
1781792176963830852 BID 90 299892
1781792176964154128 BID 89 241287
1781792176964479944 BID 89 247551
1781792176964754975 BID 88 252164
1781792176965030522 BID 88 296096
1781792176965356173 BID 87 299833
1781792176965685922 BID 87 334993
1781792176966045942 BID 86 232967
1781792176966313143 BID 86 244909
1781792176966583831 BID 85 330890
1781792176966938857 BID 85 359699
1781792176967322612 BID 84 246472
1781792177046377052 BID 84 119825
1781792177046526632 BID 83 295455
1781792177111481916 BID 83 734275
1781792177112330666 BID 82 199018
1781792177112605466 BID 82 280176
1781792177112944993 BID 88 158267
1781792177129067473 ASK 99 417869
1781792177129509938 ASK 100 159269
1781792177129693793 ASK 100 194670
1781792177129946422 ASK 101 357536
1781792177130329185 ASK 101 191269
1781792177130547034 ASK 102 315001
1781792177130886511 ASK 102 204223
1781792177131117043 ASK 103 397175
1781792177131537542 ASK 103 296897
1781792177131863854 ASK 104 342302
1781792177132230181 ASK 104 289238
1781792177132538675 ASK 105 309075
1781792177144062114 ASK 105 435076
1781792177144454460 BID 88 472125
1781792177144579655 ASK 106 802424
1781792177144981938 BID 87 805747
1781792177145409080 ASK 106 854994
1781792177145812351 BID 87 855921
1781792177146292648 ASK 107 508759
1781792177146697908 BID 86 447885
1781792177146824009 ASK 107 863770
1781792177147192831 BID 86 599595
1781792177147704200 ASK 108 527810
1781792177147894708 BID 85 972735
1781792177148256296 ASK 108 852494
1781792177148894093 BID 85 413350
1781792177149134589 ASK 109 284719
1781792177149328051 BID 100 423946
1781792177149473600 ASK 109 513828
1781792177150008488 ASK 110 335123
1781792177150445352 ASK 110 384572
1781792177150861032 ASK 111 292179
1781792177151167768 ASK 111 181831
1781792177151434408 ASK 112 208481
1781792177151725224 ASK 112 245550
1781792177151987586 ASK 113 103920
1781792177152133795 ASK 113 326082
1781792177152486206 ASK 114 375790
1781792177152922430 ASK 114 263805
1781792177153213165 ASK 115 307457
1781792177153550418 ASK 115 297788
1781792177153863876 ASK 116 434164
1781792177154317547 ASK 116 307431
1781792177154686975 ASK 117 314673
1781792177155029741 ASK 117 308285
1781792177155361540 ASK 118 366433
1781792177155756687 ASK 118 325772
1781792177156109549 ASK 119 309255
1781792177156472986 ASK 119 350662
1781792177156854065 ASK 120 255510
1781792177157136635 ASK 120 149250
1781792177157301865 ASK 121 410711
1781792177157760215 ASK 121 309681
1781792177158099501 ASK 122 234551
1781792177158357977 ASK 122 313894
1781792177158737284 ASK 123 356338
1781792177159114451 ASK 123 618313
1781792177159523449 BID 100 603611
1781792177159760385 ASK 124 516787
1781792177160153270 BID 83 359709
1781792177160318209 ASK 124 708821
1781792177160910220 BID 83 285276
1781792177161039222 ASK 131 356178
1781792177161263954 BID 82 40503604
1781792177201812903 BID 82 352784
1781792177202568384 BID 93 170140
1781792177225815714 ASK 131 163967
1781792177226033462 ASK 114 207840
1781792177230678384 BID 93 235251
1781792177230938492 BID 92 225786
1781792177231189405 BID 92 238868
1781792177231490440 BID 91 450333
1781792177231965178 BID 91 403088
1781792177232475016 BID 90 135833
1781792177245682957 BID 90 159278
1781792177245873524 BID 96 350467
1781792177282828190 BID 96 172419
1781792177283028983 BID 95 326697
1781792177283379154 BID 95 634530
1781792177284043350 BID 94 163737
1781792177284300683 BID 94 544181
1781792177284866705 BID 93 211451
1781792177285179867 BID 93 173669
1781792177285419770 BID 92 298730
1781792177285759728 BID 92 238900
1781792177286062448 BID 91 200411
1781792177286354191 BID 91 187133
1781792177286568866 BID 90 275855
1781792177307064513 ASK 114 424747
1781792177307506773 ASK 115 186059
1781792177307727246 ASK 115 405906
1781792177308240714 ASK 116 346600
1781792177308766300 ASK 116 527880
1781792177309320309 ASK 117 198973
1781792177309647533 ASK 117 287409
1781792177309961221 ASK 118 363330
1781792177310406054 ASK 118 163506
1781792177310597543 ASK 119 247494
1781792177310901653 ASK 119 179126
1781792177311101589 ASK 120 140374
1781792177311255337 ASK 120 266828
1781792177311575865 ASK 121 300003
1781792177311887169 ASK 121 183535
1781792177312239976 ASK 131 240982
1781792177315324639 BID 90 201330
1781792177315585931 BID 106 242465
1781792177356102538 ASK 131 262827
1781792177356560712 ASK 120 607139
1781792177393894469 ASK 120 203146
1781792177394216298 ASK 113 439484
1781792177480280859 BID 106 261881
1781792177480627780 BID 105 177442
1781792177481102139 BID 105 142377
1781792177481314217 BID 104 294543
1781792177481740557 BID 104 124373
1781792177482014361 BID 103 169466
1781792177482256413 BID 103 251518
1781792177482542787 BID 102 400887
1781792177482997205 BID 102 598582
1781792177483619141 BID 101 357890
1781792177484038596 BID 101 545786
1781792177484615801 BID 100 272441
1781792177484919721 BID 100 347722
1781792177485291889 BID 99 230542
1781792177485580661 BID 99 296063
1781792177485899798 BID 98 258164
1781792177486298145 BID 98 496140
1781792177486811628 BID 97 750720
1781792177487663328 BID 97 386064
1781792177488081473 BID 96 341621
1781792177488487745 BID 96 213701
1781792177488767219 BID 95 203802
1781792177489035913 BID 95 135685
1781792177489277667 BID 94 157290
1781792177489460515 BID 94 322070
1781792177489845241 BID 93 164919
1781792177490095631 BID 93 307973
1781792177490430414 BID 92 345143
1781792177490811695 BID 92 148770
1781792177491081451 BID 91 188284
1781792177491294059 BID 91 296777
1781792177491632204 BID 90 310209
1781792177504926519 BID 90 262964
1781792177505216222 BID 100 340975
1781792177526922304 BID 100 333760
1781792177527076333 ASK 113 389474
1781792177527321817 BID 99 526658
1781792177527551879 ASK 114 490426
1781792177527946880 BID 99 295744
1781792177528102648 ASK 114 362700
1781792177528270196 BID 98 490386
1781792177528569544 ASK 115 486422
1781792177528833589 BID 98 556714
1781792177529079561 ASK 115 586743
1781792177529463911 BID 97 619297
1781792177529703463 ASK 116 913702
1781792177530111771 BID 97 932515
1781792177530643865 ASK 116 686651
1781792177531071047 BID 96 568276
1781792177531355833 ASK 117 617176
1781792177531676242 BID 96 714389
1781792177532028653 ASK 117 710707
1781792177532409837 BID 95 698135
1781792177532770208 ASK 118 810832
1781792177533199544 BID 95 756064
1781792177533607269 ASK 118 806393
1781792177533983040 BID 94 703204
1781792177534440853 ASK 119 513804
1781792177534715949 BID 94 574693
1781792177534976407 ASK 119 830666
1781792177535345806 BID 93 844374
1781792177535834665 ASK 120 684793
1781792177536214075 BID 93 620673
1781792177536888008 BID 92 317060
1781792177537232269 BID 92 314316
1781792177537576841 BID 91 237225
1781792177537842369 BID 91 191311
1781792177538130783 BID 90 151253
1781792177541119772 ASK 120 326252
1781792177541481170 ASK 117 801283
1781792177587071773 ASK 117 310853
1781792177587459580 ASK 110 310282
1781792177611354637 BID 90 126983
1781792177611606875 BID 89 276093
1781792177611947218 BID 89 234876
1781792177612256744 BID 88 250871
1781792177612526100 BID 88 271378
1781792177612862691 BID 87 198462
1781792177613090087 BID 87 288231
1781792177613404838 BID 86 136907
1781792177613608019 BID 86 296912
1781792177613933194 BID 85 324208
1781792177614319369 BID 85 287585
1781792177614694056 BID 84 202330
1781792177614959595 BID 84 218770
1781792177615218510 BID 83 181411
1781792177682506798 ASK 110 107231
1781792177682689231 ASK 116 248962
1781792177715268729 ASK 116 139577
1781792177715437882 ASK 94 503604
1781792177721685377 ASK 94 153198
1781792177721863732 ASK 95 275175
1781792177722195243 ASK 95 212950
1781792177722434242 ASK 96 187553
1781792177722727623 ASK 96 143819
1781792177722998331 ASK 97 209738
1781792177723297997 ASK 97 171502
1781792177723491720 ASK 98 248541
1781792177723840510 ASK 98 134272
1781792177723987054 ASK 99 246793
1781792177724249447 ASK 99 211486
1781792177724485259 ASK 100 232409
1781792177724786808 ASK 100 447259
1781792177725245298 ASK 116 235041
1781792177729312210 ASK 116 223980
1781792177729569232 ASK 107 1085426
1781792177730312937 BID 83 756459
1781792177731112817 BID 84 304842
1781792177794529666 BID 84 258565
1781792177794858563 BID 86 372023
1781792177795253189 BID 86 283937
1781792177795562514 BID 85 245450
1781792177795841227 BID 85 161863
1781792177796186745 BID 84 177663
1781792177807924495 BID 84 542949
1781792177808518530 BID 83 142367
1781792177808906247 BID 83 249207
1781792177809207602 BID 82 190197
1781792177809691781 BID 82 120126
1781792177809897757 BID 81 141716
1781792177810270066 BID 81 239369
1781792177810588683 BID 80 264687
1781792177811125230 BID 80 264075
1781792177811479535 BID 79 394891
1781792177811957902 BID 79 100163
1781792177812173922 BID 78 242047
1781792177812598261 BID 78 131867
1781792177812757389 BID 77 197633
1781792177813153875 BID 77 127930
1781792177813310730 BID 76 409606
1781792177813737819 BID 76 130755
1781792178081193428 BID 83 155566
1781792178081224476 ASK 107 452844
1781792178081733285 ASK 106 320421
1781792178088702856 ASK 106 319364
1781792178089096188 ASK 100 292188
1781792178098337810 ASK 100 346795
1781792178098714752 ASK 101 291727
1781792178099059759 ASK 101 177698
1781792178099257485 ASK 102 225819
1781792178099570337 ASK 102 149428
1781792178099827287 ASK 103 208681
1781792178100055775 ASK 103 332632
1781792178100462547 ASK 104 347196
1781792178100910070 ASK 104 265298
1781792178101199042 ASK 105 244599
1781792178101535834 ASK 105 242856
1781792178101799188 ASK 106 342483
1781792178144884885 BID 83 190861
1781792178145107424 BID 87 364955
1781792178151956157 ASK 106 218330
1781792178152200285 ASK 107 245080
1781792178152486302 ASK 107 376180
1781792178152884173 ASK 108 315893
1781792178153223620 ASK 108 345398
1781792178153596089 ASK 109 312721
1781792178165164932 BID 87 645631
1781792178165760749 ASK 109 446187
1781792178165827745 BID 86 1016893
1781792178166264071 ASK 110 917043
1781792178166871428 BID 86 675768
1781792178167240025 ASK 110 617879
1781792178167616275 BID 85 738506
1781792178167884684 ASK 111 710312
1781792178168392372 BID 85 562678
1781792178168695114 ASK 111 482533
1781792178169145227 BID 84 367272
1781792178169203446 ASK 112 600523
1781792178169547945 BID 84 619652
1781792178169855045 ASK 112 876880
1781792178170305265 BID 83 969690
1781792178170947019 ASK 113 406092
1781792178171447477 ASK 113 269987
1781792178171774601 ASK 114 485621
1781792178172323912 ASK 114 347062
1781792178172701240 ASK 115 409548
1781792178173127389 ASK 115 260709
1781792178173413055 ASK 116 408406
1781792178210267652 ASK 116 147820
1781792178210448723 ASK 109 512913
1781792178253208380 ASK 109 208529
1781792178253548115 ASK 110 458671
1781792178254042342 ASK 110 259597
1781792178254323700 ASK 111 253466
1781792178254601431 ASK 111 336061
1781792178254958621 ASK 112 364163
1781792178255343674 ASK 112 269237
1781792178255706727 ASK 113 229590
1781792178255962356 ASK 113 291187
1781792178256230940 BID 83 246493
1781792178256264062 ASK 114 506951
1781792178256555008 BID 97 475983
1781792178256796892 ASK 114 551259
1781792178257437268 ASK 115 291197
1781792178257760595 ASK 115 163587
1781792178257952676 ASK 116 248851
1781792178266343521 BID 97 261461
1781792178266686034 BID 96 334255
1781792178267098656 BID 96 261913
1781792178267531750 BID 95 129023
1781792178267744961 BID 95 522189
1781792178268297858 BID 94 273283
1781792178268623599 BID 94 276809
1781792178268920767 BID 93 260979
1781792178269197896 BID 93 222327
1781792178269551039 BID 92 221064
1781792178269852374 BID 92 176952
1781792178270233740 BID 91 119894
1781792178270543912 BID 91 174382
1781792178270753830 BID 90 231755
1781792178271010001 BID 90 214161
1781792178271248588 BID 89 226741
1781792178271532867 BID 89 293605
1781792178271851008 BID 88 366473
1781792178272247557 BID 88 426641
1781792178272699335 BID 87 614302
1781792178273268182 ASK 116 328186
1781792178273396573 BID 87 502943
1781792178273622677 ASK 105 700394
1781792178273929733 BID 86 608662
1781792178274673438 BID 86 291181
1781792178274991420 BID 85 379216
1781792178275434256 BID 85 142066
1781792178275846720 BID 84 233788
1781792178276176077 BID 84 116028
1781792178276404616 BID 83 225693
1781792178325393058 ASK 105 183419
1781792178325625809 ASK 106 423808
1781792178326077129 ASK 106 308280
1781792178326453286 ASK 107 316494
1781792178326797833 ASK 107 350087
1781792178327176023 ASK 108 299612
1781792178327551778 ASK 108 287579
1781792178327942440 ASK 109 269210
1781792178328300747 ASK 109 150273
1781792178328486537 ASK 110 249538
1781792178328757335 ASK 110 490334
1781792178329311158 ASK 111 428284
1781792178329804123 ASK 111 353568
1781792178330241218 ASK 112 187577
1781792178330459593 ASK 112 446766
1781792178330934041 ASK 113 532536
1781792178331489560 ASK 113 444444
1781792178331907855 BID 83 353425
1781792178331945035 ASK 114 639550
1781792178332296326 BID 82 695432
1781792178332623488 ASK 114 654011
1781792178333203085 BID 82 313803
1781792178333317424 ASK 115 577253
1781792178333544520 BID 81 698099
1781792178333919163 ASK 115 676318
1781792178334432095 BID 81 509796
1781792178334619036 ASK 116 650279
1781792178334966588 BID 87 593222
1781792178336004815 BID 87 289373
1781792178336358930 BID 92 597491
1781792178352164707 BID 92 254712
1781792178352450788 BID 91 354771
1781792178352832400 BID 91 405179
1781792178353261173 BID 90 181466
1781792178353465301 BID 90 272447
1781792178353798693 BID 89 176912
1781792178354055043 BID 89 311647
1781792178354408859 BID 88 136025
1781792178354574179 BID 88 346568
1781792178354947888 BID 87 240752
1781792178357956973 ASK 116 237325
1781792178358219426 ASK 105 155171
1781792178391895857 BID 87 421050
1781792178392100822 ASK 105 618861
1781792178392417455 BID 86 607187
1781792178392749608 ASK 106 726349
1781792178393168372 BID 86 431758
1781792178393509009 ASK 106 227040
1781792178393620568 BID 85 541761
1781792178393763621 ASK 107 522210
1781792178394216661 BID 85 254597
1781792178394347617 ASK 107 409236
1781792178394483241 BID 84 578415
1781792178394836682 ASK 108 525243
1781792178395215234 BID 84 374759
1781792178395473665 ASK 108 433573
1781792178395622644 BID 83 646247
1781792178395950769 ASK 109 870919
1781792178396361645 BID 83 723146
1781792178396875579 ASK 109 409518
1781792178397160243 BID 82 209062
1781792178397665639 BID 82 141022
1781792178397724780 ASK 116 523484
1781792178397830816 BID 81 913434
1781792178398994634 BID 81 197716
1781792178399216996 BID 80 544196
1781792178399832126 BID 80 305369
1781792178400161850 BID 79 287062
1781792178400747983 BID 79 177792
1781792178400955681 BID 78 237215
1781792178401381530 BID 78 225395
1781792178401634617 BID 77 210685
1781792178401949748 BID 77 169052
1781792178402142044 BID 76 255893
1781792178402615533 BID 76 194944
1781792178402833481 BID 75 248206
1781792178403295613 BID 75 124108
1781792178403446882 BID 74 359223
1781792178403867280 BID 74 98049
1781792178404028588 BID 73 236639
1781792178404491055 BID 73 188049
1781792178404713999 BID 72 231123
1781792178405151810 BID 72 162876
1781792178405338571 BID 71 264136
1781792178405836154 BID 71 136947
1781792178405997006 BID 70 284248
1781792178406446253 BID 70 192171
1781792178406666957 BID 69 293801
1781792178407050106 BID 69 92754
1781792178407274988 BID 68 143324
1781792178407566741 BID 68 233893
1781792178407832884 BID 67 259628
1781792178408344234 BID 67 239369
1781792178408611015 BID 66 262873
1781792178409030051 BID 66 191239
1781792178409315306 BID 65 190364
1781792178409745613 BID 65 192000
1781792178409963832 BID 64 323363
1781792178410652875 BID 64 274072
1781792178410954869 BID 63 245247
1781792178411360778 BID 63 327886
1781792178411716516 BID 62 245100
1781792178412100015 BID 62 131196
1781792178412289480 BID 61 221651
1781792178412747454 BID 61 241093
1781792178413054460 BID 60 229689
1781792178413346636 BID 60 243787
1781792178413752658 BID 59 264917
1781792178414231286 BID 59 233740
1781792178414489242 BID 58 220719
1781792178414944335 BID 58 216422
1781792178415189441 BID 57 133395
1781792178415514792 BID 57 147190
1781792178415692289 BID 56 222277
1781792178416097799 BID 56 161549
1781792178416284045 BID 55 418054
1781792178416762963 BID 55 150937
1781792178416976307 BID 54 333103
1781792178417430435 BID 54 198056
1781792178417717738 BID 53 166793
1781792178418045513 BID 53 206864
1781792178418275601 BID 52 181244
1781792178418786428 BID 52 191695
1781792178419060998 BID 51 251933
1781792178419491847 BID 51 249984
1781792178419769052 BID 50 251231
1781792178420269095 BID 50 236712
1781792178420536695 BID 49 245301
1781792178420989536 BID 49 142107
1781792178421164985 BID 48 351971
1781792178421871771 BID 48 171572
1781792178422180450 BID 47 160206
1781792178422656273 BID 47 105157
1781792178422885473 BID 46 162591
1781792178423288385 BID 46 171663
1781792178423488099 BID 45 358638
1781792178424179180 BID 45 187702
1781792178424405605 BID 44 316021
1781792178424935397 BID 44 175100
1781792178425203512 BID 43 231173
1781792178425711600 BID 43 167720
1781792178425908164 BID 42 305433
1781792178426456207 BID 42 181470
1781792178426664367 BID 41 336717
1781792178427178166 BID 41 219131
1781792178427425720 BID 40 211602
1781792178427874673 BID 40 114800
1781792178428067509 BID 39 243778
1781792178428504259 BID 39 126392
1781792178428657872 BID 38 402625
1781792178429123355 BID 38 251488
1781792178429405640 BID 37 291231
1781792178429916593 BID 37 200164
1781792178430210062 BID 36 218868
1781792178430643342 BID 36 128010
1781792178430791780 BID 35 240845
1781792178431255403 BID 35 165002
1781792178431448377 BID 34 481984
1781792178431992398 BID 34 272106
1781792178432325518 BID 33 343348
1781792178432993556 BID 33 420489
1781792178433577932 BID 32 244326
1781792178433993540 BID 32 176464
1781792178434282464 BID 31 229458
1781792178434744508 BID 31 219833
1781792178434989828 BID 30 300381
1781792178435593361 BID 30 246983
1781792178435862105 BID 29 206024
1781792178436308500 BID 29 186672
1781792178436521752 BID 28 289100
1781792178437086729 BID 28 111863
1781792178437311083 BID 27 273475
1781792178437675499 BID 27 246011
1781792178438013483 BID 26 86682
1781792178438291981 BID 26 119597
1781792178438444069 BID 25 293793
1781792178438905216 BID 25 145673
1781792178439076237 BID 24 218159
1781792178439500142 BID 24 362329
1781792178439895754 BID 23 250546
1781792178440414193 BID 23 194898
1781792178440636522 BID 22 205445
1781792178441104249 BID 22 171279
1781792178441303761 BID 21 411843
1781792178441824102 BID 21 192991
1781792178442041990 BID 20 484409
1781792178442560703 BID 20 329655
1781792178449596200 BID 90 337410
1781792178450452303 ASK 116 363996
1781792178450849962 ASK 115 263456
1781792178494447979 ASK 115 235462
1781792178494723036 ASK 108 416603
1781792178528113204 ASK 108 677807
1781792178528837619 ASK 109 255637
1781792178529119686 ASK 109 303010
1781792178529447954 ASK 110 402315
1781792178529875055 ASK 110 268043
1781792178530175098 ASK 111 578695
1781792178530785313 ASK 111 111009
1781792178530931928 ASK 112 225067
1781792178531261391 ASK 112 189690
1781792178531482871 ASK 113 216862
1781792178531744417 ASK 113 328189
1781792178532095689 ASK 114 309501
1781792178532438272 ASK 114 438570
1781792178532902711 ASK 115 358446
1781792178547307287 ASK 115 302348
1781792178547672232 ASK 116 139582
1781792178553214579 BID 90 372334
1781792178553638009 BID 102 295579
1781792178576271644 BID 102 118899
1781792178576417614 BID 101 327168
1781792178576771552 BID 101 317631
1781792178577114320 BID 100 218560
1781792178577358999 BID 100 350340
1781792178577737502 BID 99 262112
1781792178578025622 BID 99 247672
1781792178578342855 BID 98 351434
1781792178578724836 BID 98 247745
1781792178579002958 BID 97 97040
1781792178579127610 BID 97 655880
1781792178579810180 BID 96 292997
1781792178580127162 BID 96 232496
1781792178580389023 BID 95 358207
1781792178580763090 BID 95 219497
1781792178581007573 BID 94 424888
1781792178581459732 BID 94 238901
1781792178581752844 BID 93 374821
1781792178582155287 BID 93 167656
1781792178582380340 BID 92 212122
1781792178582713389 BID 92 261718
1781792178583119568 BID 91 104486
1781792178583252738 BID 91 457090
1781792178583739263 BID 90 267792
1781792178631543874 BID 90 225419
1781792178631799800 BID 89 277044
1781792178632265468 BID 89 138901
1781792178632478738 BID 88 325531
1781792178632924324 BID 88 125235
1781792178633076440 BID 87 289538
1781792178633567321 BID 87 364238
1781792178633865825 ASK 116 271030
1781792178633991352 BID 86 461991
1781792178634167011 ASK 105 733691
1781792178634824258 BID 86 138285
1781792178635021995 BID 85 391554
1781792178635608154 BID 85 203126
1781792178635835516 BID 84 198478
1781792178636230246 BID 84 160441
1781792178636420733 BID 83 316514
1781792178637022192 BID 83 331361
1781792178637380133 BID 82 226683
1781792178637787633 BID 82 203955
1781792178638018659 BID 81 200473
1781792178638474963 BID 81 148848
1781792178638682571 BID 80 288657
1781792178639178487 BID 80 138149
1781792178639421122 BID 79 1592818
1781792178641289392 BID 79 279916
1781792178641619291 BID 78 297183
1781792178642140413 BID 78 232124
1781792178642530253 BID 77 142637
1781792178642900023 BID 77 217564
1781792178643176707 BID 76 360416
1781792178643656656 BID 76 231364
1781792178643913437 BID 75 317105
1781792178644506081 BID 75 218440
1781792178644754187 BID 74 249287
1781792178645182330 BID 74 84639
1781792178645291515 BID 73 483166
1781792178645832890 BID 73 304291
1781792178646164923 BID 72 300940
1781792178646662036 BID 72 143369
1781792178646828809 BID 71 417292
1781792178647339136 BID 71 150983
1781792178647596479 BID 70 510648
1781792178648223946 BID 70 281788
1781792178648531513 BID 69 396819
1781792178649212390 BID 69 218711
1781792178649458131 BID 68 588514
1781792178650433870 BID 68 227296
1781792178650688317 BID 67 301265
1781792178651241735 BID 67 216066
1781792178651487647 BID 66 243499
1781792178651915386 BID 66 110958
1781792178652055449 BID 65 302991
1781792178652511399 BID 65 212268
1781792178652758182 BID 64 691656
1781792178653637752 BID 64 346760
1781792178654018025 BID 63 428444
1781792178654572095 BID 63 186485
1781792178654787043 BID 62 330786
1781792178655276787 BID 62 132048
1781792178655519252 BID 61 355977
1781792178656052402 BID 61 150673
1781792178656252648 BID 60 220463
1781792178656728611 BID 60 131547
1781792178656880636 BID 59 168081
1781792178657326047 BID 59 129097
1781792178657490530 BID 58 358959
1781792178658062904 BID 58 133109
1781792178658218947 BID 57 252954
1781792178658595102 BID 57 307577
1781792178658928037 BID 56 481398
1781792178659662625 BID 56 431830
1781792178660056704 ASK 105 394618
1781792178660111737 BID 90 729789
1781792178660478563 ASK 106 728299
1781792178661235235 ASK 106 436318
1781792178661699816 ASK 107 444284
1781792178662178585 ASK 107 587071
1781792178662803166 ASK 108 386092
1781792178663274829 ASK 108 225265
1781792178663555798 ASK 109 186700
1781792178663793504 ASK 109 247793
1781792178664064941 ASK 110 351907
1781792178664441956 ASK 110 523838
1781792178665013663 ASK 111 304742
1781792178665342240 ASK 111 578194
1781792178665931806 ASK 116 1207249
1781792178711991463 BID 90 218268
1781792178712295361 BID 89 231532
1781792178712807279 BID 89 252028
1781792178713084404 BID 88 205265
1781792178713565346 BID 88 422693
1781792178713812059 ASK 116 393723
1781792178714016272 BID 87 408731
1781792178714263300 ASK 97 599588
1781792178714807143 BID 87 655923
1781792178715483404 BID 86 367139
1781792178716102325 BID 86 111490
1781792178716137671 ASK 97 446362
1781792178716289306 BID 85 565717
1781792178716617707 ASK 96 873268
1781792178717117277 BID 85 1052825
1781792178718194628 BID 84 208884
1781792178718617229 BID 84 169873
1781792178718903490 BID 83 210294
1781792178719312758 BID 83 274855
1781792178719663886 BID 82 410731
1781792178720370953 BID 82 324719
1781792178720732822 BID 81 210064
1781792178721317469 BID 81 203780
1781792178721574911 BID 80 474901
1781792178722463289 BID 80 425528
1781792178722965380 BID 79 380995
1781792178723515212 BID 79 304942
1781792178723855660 BID 78 362150
1781792178724422313 BID 78 287019
1781792178724817324 BID 77 189416
1781792178725321340 BID 77 230291
1781792178725606064 BID 76 329648
1781792178726194648 BID 76 247464
1781792178726511913 BID 75 383199
1781792178727045855 BID 75 164303
1781792178727244883 BID 74 373366
1781792178728054748 BID 74 335058
1781792178728480406 BID 73 393324
1781792178729204821 BID 73 224781
1781792178729514872 BID 72 330926
1781792178729998755 BID 72 260948
1781792178730290620 BID 71 430409
1781792178730878645 BID 71 237814
1781792178731249840 BID 70 282392
1781792178731806712 BID 70 333257
1781792178732172751 BID 69 726785
1781792178732923812 BID 69 348829
1781792178827961251 BID 81 162203
1781792178828014350 ASK 96 580755
1781792178828620963 ASK 97 335249
1781792178832378397 BID 81 195306
1781792178832599271 BID 84 360204
1781792178833576990 ASK 97 132048
1781792178833776965 ASK 98 232246
1781792178834066388 ASK 98 160612
1781792178834238892 ASK 99 305994
1781792178834600631 ASK 99 183804
1781792178834799524 ASK 100 271923
1781792178835108526 ASK 100 413518
1781792178835651407 ASK 101 519585
1781792178836186441 ASK 101 254217
1781792178836620254 ASK 117 191404
1781792178863457481 BID 84 510487
1781792178863931680 ASK 117 247114
1781792178863982957 BID 83 446743
1781792178864213790 ASK 118 514944
1781792178864503339 BID 83 590001
1781792178864974162 ASK 118 454076
1781792178865130199 BID 82 680912
1781792178865455459 ASK 119 593067
1781792178865834595 BID 82 562360
1781792178866295876 ASK 119 306024
1781792178866501722 BID 81 278132
1781792178866626586 ASK 120 561944
1781792178867205673 ASK 120 222843
1781792178871147403 ASK 112 383219
1781792178962853546 ASK 112 301195
1781792178963181010 ASK 97 356374
1781792178980941148 ASK 97 150707
1781792178981119607 ASK 88 358566
1781792179004606784 ASK 88 224161
1781792179004919421 ASK 89 305162
1781792179005249841 ASK 89 191544
1781792179005515494 ASK 90 215895
1781792179005837689 ASK 90 87454
1781792179005941975 ASK 91 335409
1781792179006344229 ASK 91 184060
1781792179006582561 ASK 92 209638
1781792179006821744 ASK 92 245442
1781792179007142898 ASK 93 206071
1781792179007442244 ASK 93 265568
1781792179007749129 ASK 94 97193
1781792179007869054 ASK 94 288917
1781792179008187667 ASK 95 207329
1781792179008416977 ASK 95 482811
1781792179008928271 ASK 96 150944
1781792179009141942 ASK 96 195737
1781792179009358629 ASK 97 301291
1781792179063375216 BID 81 189947
1781792179063407046 ASK 97 603968
1781792179063600289 BID 80 606753
1781792179064131911 ASK 112 464131
1781792179081018276 BID 80 180379
1781792179081232649 BID 102 306244
1781792179102169511 ASK 112 274753
1781792179102529724 ASK 105 236792
1781792179104497918 ASK 105 233414
1781792179104810019 ASK 106 273869
1781792179105132198 ASK 106 426516
1781792179105588049 ASK 107 341800
1781792179105982829 ASK 107 384051
1781792179106390825 ASK 108 326066
1781792179106777545 ASK 108 297623
1781792179107101558 ASK 109 369808
1781792179107497786 ASK 109 334203
1781792179107857617 ASK 110 314290
1781792179108247398 ASK 110 175369
1781792179108450429 ASK 111 341825
1781792179108829875 ASK 111 154690
1781792179109028748 ASK 112 147507
1781792179155084037 BID 102 309771
1781792179155413665 BID 101 377689
1781792179155815740 BID 101 364363
1781792179156212975 BID 100 616236
1781792179156539027 ASK 112 591699
1781792179156901106 BID 80 456978
1781792179157154701 ASK 112 333636
1781792179214913922 BID 80 188182
1781792179215138803 BID 91 248611
1781792179270021996 BID 91 287487
1781792179270351922 BID 90 328396
1781792179270707439 BID 90 336281
1781792179271068467 BID 89 249663
1781792179271353346 BID 89 211735
1781792179271708320 BID 88 801844
1781792179272606134 BID 88 224862
1781792179272955650 BID 80 157746
1781792179299355859 ASK 112 179377
1781792179299567445 ASK 88 1358464
1781792179338720151 ASK 88 25692483
1781792179364265408 BID 80 316914
1781792179364475342 ASK 109 248175
1781792179364641323 BID 80 22515163
1781792179387078730 ASK 109 21989357
1781792179409001532 BID 80 502462
1781792179409090118 ASK 90 747871
1781792179409528601 BID 79 42419057
1781792179452003804 BID 79 172529
1781792179452446434 BID 76 306320
1781792179474916783 BID 76 236103
1781792179474961006 ASK 90 568650
1781792179475182411 BID 83 812197
1781792179475559592 ASK 91 881315
1781792179476532189 ASK 91 252088
1781792179476818501 ASK 92 232156
1781792179491371332 ASK 92 496812
1781792179491895055 ASK 93 194644
1781792179492167385 ASK 93 380183
1781792179492560332 ASK 109 278493
1781792179527530326 ASK 109 471429
1781792179528023265 ASK 94 264723
1781792179532067938 BID 83 194686
1781792179532318428 BID 82 224676
1781792179532587567 BID 82 375581
1781792179532988756 BID 81 399133
1781792179533415120 BID 81 99232
1781792179533534750 BID 80 407134
1781792179534006766 BID 80 122414
1781792179534231341 BID 79 368031
1781792179534616344 BID 79 191414
1781792179534830931 BID 78 236184
1781792179535173114 BID 78 164340
1781792179535425199 BID 77 316741
1781792179545834489 ASK 94 58085683
1781792179603970005 ASK 103 431274
1781792179610682543 BID 77 457538
1781792179611182972 BID 92 249147
1781792179652155043 BID 92 191147
1781792179652377268 BID 93 688765
1781792179667545667 ASK 103 578465
1781792179668150372 ASK 104 262610
1781792179668437849 ASK 104 187432
1781792179668653504 ASK 105 308598
1781792179668998831 ASK 105 201576
1781792179669247766 ASK 106 195571
1781792179669493301 ASK 106 220163
1781792179669991826 ASK 107 214673
1781792179674736552 BID 93 274079
1781792179675080543 BID 92 161328
1781792179727021721 BID 92 677303
1781792179727720655 BID 91 283452
1781792179728140047 BID 91 114514
1781792179728280751 BID 90 412524
1781792179728765310 BID 90 159684
1781792179729022086 BID 89 200141
1781792179729447230 BID 89 124378
1781792179729595732 BID 88 344356
1781792179730177091 BID 88 291377
1781792179730496991 BID 87 170066
1781792179730810176 BID 87 214497
1781792179731108020 BID 86 154260
1781792179731374870 BID 86 293686
1781792179731696138 BID 85 336973
1781792179732288464 BID 85 97423
1781792179732445028 BID 84 264496
1781792179732929166 BID 84 146493
1781792179733172610 BID 83 253097
1781792179733622076 BID 83 289974
1781792179733948959 BID 82 189250
1781792179734334482 BID 82 266170
1781792179734749381 BID 81 115787
1781792179735126147 BID 81 175439
1781792179735326884 BID 80 438402
1781792179735830779 BID 80 139578
1781792179736059254 BID 79 155282
1781792179736338918 BID 79 145287
1781792179736554327 BID 78 231424
1781792179736871472 BID 78 132975
1781792179737069579 BID 77 187652
1781792179737439703 BID 77 148451
1781792179737726313 BID 76 282139
1781792179738099593 BID 76 133519
1781792179738301851 BID 75 244137
1781792179738964152 BID 75 243492
1781792179739232912 BID 74 262467
1781792179739758558 BID 74 144941
1781792179739937513 BID 73 316504
1781792179740408437 BID 73 149746
1781792179740729710 BID 72 280672
1781792179741137144 BID 72 146224
1781792179741469908 BID 71 269866
1781792179741915752 BID 71 179209
1781792179742119397 BID 70 292168
1781792179742596406 BID 70 210330
1781792179742841922 BID 69 257884
1781792179743176199 BID 69 346658
1781792179743556390 BID 68 243247
1781792179743940178 BID 68 157340
1781792179744124308 BID 67 335659
1781792179744613160 BID 67 197946
1781792179744843948 BID 66 272241
1781792179745323042 BID 66 168921
1781792179745524855 BID 65 211202
1781792179745948606 BID 65 305706
1781792179746470539 BID 64 246583
1781792179746789628 BID 64 171948
1781792179746986363 BID 63 311498
1781792179747419910 BID 63 254848
1781792179747814681 BID 62 240409
1781792179748214837 BID 62 274410
1781792179748514273 BID 61 312605
1781792179748902670 BID 61 153184
1781792179749075732 BID 60 291126
1781792179749511589 BID 60 166522
1781792179749707677 BID 59 237136
1781792179750085677 BID 59 223824
1781792179750337163 BID 58 258064
1781792179750815671 BID 58 150563
1781792179750989657 BID 57 232166
1781792179751424613 BID 57 231114
1781792179751684781 BID 56 223670
1781792179752219925 BID 56 398926
1781792179752647495 BID 55 317586
1781792179753191396 BID 55 383600
1781792179753677738 BID 54 478429
1781792179754371912 BID 54 324108
1781792179754458915 ASK 107 707999
1781792179754736135 BID 53 529844
1781792179755233639 ASK 100 154099
1781792179755315773 BID 53 370705
1781792179755716525 BID 52 297658
1781792179756232072 BID 52 143777
1781792179756463474 BID 51 295995
1781792179757164118 BID 51 151587
1781792179757342305 BID 50 349471
1781792179757831247 BID 50 174508
1781792179758148272 BID 49 153282
1781792179758487032 BID 49 263294
1781792179758781314 BID 48 387437
1781792179759474871 BID 48 130845
1781792179759629611 BID 47 437105
1781792179760347502 BID 47 102202
1781792179760477927 BID 46 312837
1781792179760992527 BID 46 272875
1781792179761294467 BID 45 235629
1781792179761794956 BID 45 161089
1781792179761978888 BID 44 263078
1781792179762399302 BID 44 250214
1781792179762683860 BID 43 397085
1781792179763412470 BID 43 179565
1781792179763620839 BID 42 254727
1781792179764077956 BID 42 143349
1781792179764311384 BID 41 271204
1781792179764766662 BID 41 112016
1781792179764902031 BID 40 264427
1781792179765354862 BID 40 141816
1781792179765520132 BID 39 264981
1781792179765992492 BID 39 120351
1781792179766136046 BID 38 329904
1781792179766620115 BID 38 149906
1781792179766792663 BID 37 310297
1781792179767251835 BID 37 193032
1781792179767502004 BID 36 234114
1781792179767924232 BID 36 162574
1781792179768158761 BID 35 192827
1781792179768540282 BID 35 112641
1781792179768713757 BID 34 160371
1781792179769042214 BID 34 275823
1781792179769346850 BID 33 231900
1781792179769877431 BID 33 130795
1781792179770032181 BID 32 263619
1781792179770571252 BID 32 157881
1781792179770765792 BID 31 260113
1781792179771215430 BID 31 317045
1781792179771560418 BID 30 213144
1781792179772000498 BID 30 128642
1781792179772216254 BID 29 555774
1781792179772788619 BID 29 135096
1781792179775014733 BID 82 157210
1781792179811118135 ASK 100 134292
1781792179811345712 ASK 101 347409
1781792179811747063 ASK 101 311003
1781792179812082923 ASK 102 221195
1781792179812329636 ASK 102 364145
1781792179812741991 ASK 103 391152
1781792179813163650 ASK 103 409057
1781792179813628321 ASK 104 249389
1781792179813901224 ASK 104 570184
1781792179814545367 ASK 105 724647
1781792179815436637 ASK 105 377468
1781792179815965409 ASK 101 92123
1781792179832320252 ASK 101 377037
1781792179832737415 ASK 102 149590
1781792179832949613 ASK 102 375524
1781792179833345165 ASK 103 280326
1781792179833726961 ASK 103 433729
1781792179834188112 ASK 104 381971
1781792179834602353 ASK 104 356016
1781792179834993415 ASK 105 454873
1781792179835476100 ASK 105 481043
1781792179835985366 ASK 106 118785
1781792179836133786 ASK 106 313949
1781792179836557100 ASK 107 301882
1781792179863070569 BID 82 493677
1781792179863581809 BID 91 308980
1781792179939884169 ASK 107 234230
1781792179940149567 ASK 108 174227
1781792179940354672 ASK 108 355254
1781792179940743379 ASK 109 275809
1781792179945752225 ASK 109 231312
1781792179946007823 ASK 100 224275
1781792179964020426 BID 91 329529
1781792179964376334 BID 90 362160
1781792179982364266 BID 90 155352
1781792179982546789 BID 89 338188
1781792179982918971 BID 89 158998
1781792179983202222 BID 88 142257
1781792179983363886 BID 88 307006
1781792179983702411 BID 87 528246
1781792179984265472 BID 87 147868
1781792179984433948 BID 86 300364
1781792179984756994 BID 86 319229
1781792179985198813 BID 85 441088
1781792179985686829 BID 85 337393
1781792179986242045 BID 80 228063
1781792180010051732 BID 80 753199
1781792180010833304 BID 90 201849
1781792180011060551 BID 90 319529
1781792180011406590 BID 92 307741
1781792180084224194 BID 92 225247
1781792180084490498 BID 91 401629
1781792180084920520 BID 91 257847
1781792180085214765 BID 90 197002
1781792180085480876 BID 90 301756
1781792180085801207 BID 89 244274
1781792180111369002 BID 89 40601328
1781792180152017117 BID 86 201935
1781792180180898708 BID 86 327635
1781792180181286595 BID 85 262182
1781792180181599062 BID 85 216391
1781792180181866128 BID 84 163417
1781792180182056075 BID 84 244097
1781792180182373941 BID 83 150413
1781792180182563636 BID 83 235858
1781792180182839990 BID 82 216586
1781792180199215028 ASK 100 211868
1781792180199472751 ASK 95 415922
1781792180226324563 BID 82 206937
1781792180226556908 BID 88 337734
1781792180311467805 BID 88 290540
1781792180311789935 BID 89 353898
1781792180351341567 BID 89 139067
1781792180351531840 BID 88 254206
1781792180373917504 BID 88 195953
1781792180374144565 BID 89 309205
1781792180380428714 ASK 95 38473736
1781792180418861843 BID 89 471285
1781792180418937055 ASK 100 770321
1781792180419357393 BID 96 46408867
1781792180497415314 BID 96 589620
1781792180498030101 BID 95 313338
1781792180516326385 BID 95 201398
1781792180516614015 BID 94 744297
1781792180517382917 BID 94 381426
1781792180517813715 BID 93 111620
1781792180518054517 BID 93 280862
1781792180518454823 BID 92 130635
1781792180518647895 BID 92 369178
1781792180519097363 BID 91 299482
1781792180519472197 BID 91 303429
1781792180519810762 BID 90 215184
1781792180520099744 BID 90 328105
1781792180520532896 BID 89 95219
1781792180520831146 BID 89 296812
1781792180521152013 BID 88 254176
1781792180521478655 BID 88 346255
1781792180521922714 BID 87 226691
1781792180522180603 BID 87 233162
1781792180522441016 BID 86 252243
1781792180535373836 BID 86 348530
1781792180535753525 BID 89 276414
1781792180553403772 ASK 100 142092
1781792180553571552 ASK 98 818194
1781792180567420677 BID 89 179575
1781792180567690131 BID 88 210105
1781792180567919501 BID 88 201640
1781792180568156848 BID 87 413626
1781792180568600721 BID 87 127119
1781792180568938880 BID 76 95189
1781792180594599681 BID 76 273122
1781792180594942945 BID 92 301716
1781792180637187114 BID 92 244098
1781792180637524106 BID 93 318873
1781792180641837708 ASK 98 49019723
1781792180690914328 ASK 100 377397
1781792180732432898 ASK 100 210942
1781792180732678425 ASK 99 344545
1781792180753012906 ASK 99 241724
1781792180753287381 ASK 100 85390
1781792180755364849 ASK 100 40376146
1781792180795818359 ASK 109 613601
1781792180796707617 ASK 109 182763
1781792180797011047 ASK 110 145372
1781792180797509932 ASK 110 198257
1781792180797748365 ASK 111 200196
1781792180798150479 ASK 111 295808
1781792180798528682 ASK 112 269909
1781792180798865536 ASK 112 229139
1781792180799130152 ASK 113 335219
1781792180799785998 ASK 113 192931
1781792180800011139 ASK 114 262202
1781792180800496195 ASK 114 603800
1781792180801185255 ASK 115 189593
1781792180801672516 ASK 115 201904
1781792180801901280 ASK 116 355858
1781792180802433689 ASK 116 191467
1781792180802693314 ASK 117 168669
1781792180803116230 ASK 117 165270
1781792180803348155 ASK 118 321673
1781792180803737094 ASK 118 198402
1781792180803964190 ASK 119 365666
1781792180804675560 ASK 119 128641
1781792180804843665 ASK 120 362563
1781792180805436403 ASK 120 343533
1781792180805879331 ASK 121 179970
1781792180806285265 ASK 121 153479
1781792180806520286 ASK 122 432310
1781792180807182228 ASK 122 126468
1781792180807337409 ASK 123 401623
1781792180808031879 ASK 123 136774
1781792180808196705 ASK 124 318127
1781792180808771547 ASK 124 174244
1781792180808975036 ASK 125 307387
1781792180809556848 ASK 125 197200
1781792180809832014 ASK 126 154619
1781792180810159297 ASK 126 181987
1781792180810364798 ASK 127 268774
1781792180810889257 ASK 127 162180
1781792180811075391 ASK 128 234500
1781792180811516183 ASK 128 216982
1781792180811767790 ASK 129 308589
1781792180812145920 ASK 129 176531
1781792180812403643 ASK 130 198270
1781792180812807488 ASK 130 150319
1781792180812982794 ASK 131 222122
1781792180813341242 ASK 131 231564
1781792180813599086 ASK 132 460293
1781792180814225310 ASK 132 161358
1781792180814413408 ASK 133 286412
1781792180814891049 ASK 133 141656
1781792180815082348 ASK 134 309140
1781792180815680340 ASK 134 176456
1781792180815908533 ASK 135 330946
1781792180816412020 ASK 135 291174
1781792180816731027 ASK 136 260217
1781792180817200532 ASK 136 313247
1781792180817610731 ASK 137 169518
1781792180818031671 ASK 137 171902
1781792180818280097 ASK 138 226034
1781792180818873545 ASK 138 179402
1781792180819121916 ASK 139 197952
1781792180819536955 ASK 139 276293
1781792180819841691 ASK 140 331523
1781792180820522990 ASK 140 341345
1781792180820892648 ASK 141 315552
1781792180821437410 ASK 141 169183
1781792180821699728 ASK 142 236999
1781792180822115512 ASK 142 150328
1781792180822340901 ASK 143 188233
1781792180822608858 ASK 143 159068
1781792180822810666 ASK 144 172133
1781792180823147935 ASK 144 236187
1781792180823420460 ASK 145 157536
1781792180823894049 ASK 145 175129
1781792180824100216 ASK 146 427897
1781792180824765391 ASK 146 202360
1781792180825019488 ASK 147 147398
1781792180825325923 ASK 147 162186
1781792180825514348 ASK 148 389980
1781792180826077853 ASK 148 236476
1781792180826349545 ASK 149 475853
1781792180827052690 ASK 149 289597
1781792180827372674 ASK 150 343084
1781792180827858957 ASK 150 291106
1781792180828178787 ASK 151 211134
1781792180828544330 ASK 151 185198
1781792180828849473 ASK 152 403885
1781792180829360760 ASK 152 443121
1781792180829842143 ASK 153 362404
1781792180830274087 ASK 153 196876
1781792180830526537 ASK 154 274018
1781792180831023639 ASK 154 228675
1781792180831280055 ASK 155 545743
1781792180831887845 ASK 155 236414
1781792180832157070 ASK 156 229595
1781792180832727270 ASK 156 164909
1781792180832961419 ASK 157 153954
1781792180833253232 ASK 157 245891
1781792180833525433 ASK 158 284664
1781792180833950008 ASK 158 201058
1781792180834252446 ASK 159 158312
1781792180834536394 ASK 159 185563
1781792180834754918 ASK 160 369489
1781792180835403981 ASK 160 180789
1781792180835692032 ASK 161 360516
1781792180836467366 ASK 161 301495
1781792180836806993 ASK 111 290114
1781792180861388754 ASK 111 214603
1781792180861648191 ASK 107 213751
1781792180914152121 BID 93 263825
1781792180914449669 BID 94 299562
1781792180949158066 ASK 107 305483
1781792180949483687 ASK 101 371863
1781792180954327209 BID 94 499767
1781792180954851863 BID 93 114984
1781792180959193668 BID 93 155667
1781792180959378850 BID 95 416377
1781792181018942805 ASK 101 248203
1781792181019222177 ASK 102 161763
1781792181019437882 ASK 102 234650
1781792181019783108 ASK 103 270969
1781792181020103019 ASK 103 324664
1781792181020460344 ASK 104 344254
1781792181020834404 ASK 104 247657
1781792181021125462 ASK 105 315918
1781792181021456418 ASK 105 191655
1781792181021804391 ASK 106 107412
1781792181034758061 BID 95 297674
1781792181035082355 BID 94 312736
1781792181035447650 BID 94 346570
1781792181035818195 BID 93 247290
1781792181046023956 BID 93 213121
1781792181046267484 BID 92 352812
1781792181046723580 BID 92 190892
1781792181046974284 BID 91 226235
1781792181047310705 BID 91 232316
1781792181047751793 BID 90 284083
1781792181048122308 BID 90 148398
1781792181048281256 BID 89 246198
1781792181048668629 BID 89 249222
1781792181048945131 BID 88 399616
1781792181049367820 BID 88 236548
1781792181049630287 BID 87 595256
1781792181050247204 BID 87 190798
1781792181050745689 BID 85 411232
1781792181050812144 ASK 106 45244878
1781792181096019833 BID 85 653273
1781792181096072261 ASK 113 663302
1781792181096687143 BID 84 361721
1781792181096758767 ASK 113 456930
1781792181097084050 BID 84 374372
1781792181097229783 ASK 111 392436
1781792181097576313 BID 83 37294644
1781792181134810974 ASK 111 100489
1781792181134889101 BID 83 334868
1781792181134921362 ASK 112 622584
1781792181135252914 BID 82 503539
1781792181135559895 ASK 112 471965
1781792181135798743 BID 82 415454
1781792181136046818 ASK 113 663801
1781792181136301421 BID 100 509085
1781792181136740114 ASK 113 18981224
1781792181155683407 BID 100 135765
1781792181155737098 ASK 114 409488
1781792181155837646 BID 103 46893265
1781792181203194686 ASK 114 433373
1781792181203562216 BID 103 514169
1781792181203753164 ASK 115 1041747
1781792181204139414 BID 102 859500
1781792181204914966 ASK 115 633817
1781792181205027237 BID 102 859740
1781792181205629935 ASK 116 685551
1781792181205912165 BID 101 664506
1781792181206413039 ASK 116 525025
1781792181206602980 BID 101 400787
1781792181206951609 ASK 120 311916
1781792181207026129 BID 100 437131
1781792181227914515 ASK 120 389972
1781792181228342067 ASK 121 344466
1781792181243885847 ASK 121 486578
1781792181244392072 ASK 105 213425
1781792181265534795 BID 100 384241
1781792181265734910 ASK 105 329544
1781792181265942670 BID 93 285902
1781792181266125969 ASK 115 359149
1781792181266294505 BID 93 307393
1781792181266507921 ASK 115 409102
1781792181266629980 BID 92 459006
1781792181266932973 ASK 116 392933
1781792181267152465 BID 92 322610
1781792181267340694 ASK 116 421430
1781792181267497968 BID 91 502478
1781792181267787342 ASK 117 443861
1781792181268021215 BID 91 472622
1781792181268257032 ASK 117 475682
1781792181268511841 BID 90 376074
1781792181268797546 ASK 118 413696
1781792181268971612 BID 90 638624
1781792181269272166 ASK 118 511535
1781792181269719381 BID 89 217909
1781792181269795974 ASK 119 327765
1781792181270005237 BID 89 603466
1781792181270175125 ASK 119 598628
1781792181270690818 BID 88 441038
1781792181271023382 ASK 120 259627
1781792181271168975 BID 88 168676
1781792181271294540 ASK 120 608021
1781792181271347570 BID 87 645951
1781792181271930984 ASK 121 196519
1781792181272006997 BID 87 383679
1781792181272231518 ASK 121 628604
1781792181272476838 BID 86 649985
1781792181272935243 ASK 122 329388
1781792181273202384 BID 86 134082
1781792181273277024 ASK 122 441419
1781792181273411998 BID 85 452358
1781792181273775680 ASK 123 531707
1781792181273876870 BID 85 46774185
1781792181320750492 BID 76 199601
1781792181333238737 ASK 123 236013
1781792181333545242 ASK 121 343449
1781792181351333257 ASK 121 119429
1781792181351501378 ASK 115 295505
1781792181362560295 ASK 115 179667
1781792181362775589 ASK 103 236698
1781792181368913984 ASK 103 189330
1781792181369187822 ASK 88 286868
1781792181422069905 ASK 88 668804
1781792181422486186 ASK 103 42244190
1781792181464757167 ASK 103 150579
1781792181465143939 ASK 95 320036
1781792181503602192 ASK 95 284960
1781792181503959357 ASK 84 368123
1781792181548741472 ASK 84 205446
1781792181548977806 ASK 85 404849
1781792181549471462 ASK 85 414488
1781792181549913491 ASK 86 285581
1781792181550225582 ASK 86 217167
1781792181550465892 ASK 87 276580
1781792181550831760 ASK 87 336561
1781792181551196573 ASK 88 318428
1781792181551543956 ASK 88 326376
1781792181551934994 ASK 89 267369
1781792181552230366 ASK 89 315043
1781792181552604570 ASK 90 246763
1781792181552874496 ASK 90 182953
1781792181553069552 ASK 91 154265
1781792181553243654 ASK 91 462557
1781792181553904694 ASK 92 241232
1781792181554216960 ASK 92 113343
1781792181554347254 ASK 89 597421
1781792181570251670 BID 76 268724
1781792181570596597 BID 80 446317
1781792181690282401 BID 80 720692
1781792181690978647 ASK 89 84738508
1781792181691015837 BID 79 84809018
1781792181775768802 ASK 115 41853913
1781792181817673480 ASK 115 222657
1781792181818160939 ASK 109 128982
1781792181890141632 BID 79 267663
1781792181890517898 BID 87 266155
1781792181905020911 ASK 109 492594
1781792181905296298 BID 87 402349
1781792181905541177 ASK 110 444604
1781792181905733873 BID 86 345644
1781792181906006159 ASK 110 493701
1781792181906095466 BID 86 712530
1781792181906525959 ASK 111 593672
1781792181907082721 BID 85 448822
1781792181907358559 ASK 111 314532
1781792181907546632 BID 85 476756
1781792181907767779 ASK 112 624341
1781792181908048846 BID 84 514085
1781792181908414001 ASK 112 624001
1781792181908583900 BID 84 528672
1781792181909054854 ASK 113 104917
1781792181909125376 BID 83 559289
1781792181909169639 ASK 113 556995
1781792181909699833 BID 83 273398
1781792181909783661 ASK 114 431517
1781792181909999420 BID 82 748289
1781792181910248140 ASK 114 642996
1781792181910774840 BID 82 606704
1781792181910923056 ASK 115 780093
1781792181911408494 BID 81 610458
1781792181911729859 ASK 115 696567
1781792181912047315 BID 81 801716
1781792181912454409 ASK 116 488959
1781792181912885680 BID 80 388839
1781792181913000145 ASK 116 615985
1781792181913302913 BID 80 659497
1781792181913644994 ASK 117 614122
1781792181913991074 BID 79 370535
1781792181914285276 ASK 117 472356
1781792181914788149 ASK 118 214307
1781792181915025780 ASK 118 203962
1781792181915249950 ASK 119 233969
1781792181915504548 ASK 119 266330
1781792181915791627 ASK 120 464414
1781792181916277842 ASK 120 341457
1781792181916569145 BID 79 415805
1781792181916634738 ASK 121 669762
1781792181917018413 BID 87 532098
1781792181997473622 BID 87 312439
1781792181997823311 BID 86 162006
1781792181998007308 BID 86 294152
1781792181998349199 BID 85 172865
1781792181998580113 BID 85 358922
1781792181998960305 BID 84 220269
1781792182034462849 ASK 121 366277
1781792182034843713 ASK 108 299299
1781792182042077409 BID 84 474410
1781792182042582075 BID 84 175815
1781792182081073569 BID 84 342753
1781792182081446549 BID 83 256937
1781792182081731699 BID 83 335033
1781792182082142555 BID 82 316032
1781792182082525393 BID 82 458089
1781792182083089621 BID 81 639225
1781792182083757760 BID 81 173396
1781792182083954379 BID 80 202720
1781792182084173490 BID 80 284313
1781792182084479524 BID 79 179747
1781792182090623444 ASK 108 272137
1781792182090920728 ASK 82 209858
1781792182166827593 ASK 82 494227
1781792182167352588 ASK 83 290412
1781792182167673337 ASK 83 463069
1781792182168160852 ASK 84 242106
1781792182168429518 ASK 84 340338
1781792182168799912 ASK 85 216737
1781792182169061163 ASK 85 210595
1781792182169294070 ASK 86 229899
1781792182169569214 ASK 86 328077
1781792182169985687 ASK 87 251026
1781792182197532362 ASK 87 207247
1781792182197816373 ASK 88 261210
1781792182198113330 ASK 88 184981
1781792182198314572 ASK 89 229811
1781792182198559481 ASK 89 430573
1781792182199015251 ASK 90 233724
1781792182199274964 ASK 90 780712
1781792182200078269 ASK 93 288849
1781792182203146892 ASK 93 44593693
1781792182247816728 ASK 108 265598
1781792182295501469 ASK 108 131903
1781792182295746975 ASK 96 473007
1781792182333146977 BID 79 247990
1781792182333451102 BID 86 305318
1781792182382918543 ASK 96 345823
1781792182383077170 BID 86 409272
1781792182383294132 ASK 97 561313
1781792182383517661 BID 85 565887
1781792182383884379 ASK 97 368329
1781792182384105469 BID 85 558230
1781792182384284157 ASK 98 883888
1781792182384709134 BID 84 833985
1781792182385323747 ASK 98 825459
1781792182385567605 BID 84 683954
1781792182386175204 ASK 108 177333
1781792182386266205 BID 83 42374656
1781792182428711404 BID 83 301070
1781792182429235026 BID 90 306305
1781792182442222921 BID 90 363712
1781792182442614295 BID 89 261300
1781792182442904008 BID 89 266771
1781792182443203951 BID 88 502112
1781792182443722424 BID 88 201077
1781792182444059486 BID 79 152086
1781792182450923138 BID 79 396589
1781792182451345165 BID 99 93195
1781792182490053341 BID 99 167228
1781792182490255765 BID 98 415410
1781792182490709136 BID 98 331156
1781792182491074897 BID 97 379251
1781792182491479646 BID 97 600795
1781792182492102383 BID 79 358404
1781792182493000227 BID 79 239297
1781792182493035774 ASK 108 592348
1781792182493269710 BID 78 1018465
1781792182493687774 ASK 106 995342
1781792182494445230 BID 78 614633
1781792182495089098 BID 77 233568
1781792182495348064 BID 77 490800
1781792182495878098 BID 76 617075
1781792182496544135 BID 76 253836
1781792182496826455 BID 75 321393
1781792182497306245 BID 75 180380
1781792182497522192 BID 74 365095
1781792182497917354 BID 74 463118
1781792182498402714 BID 71 161588
1781792182505061225 ASK 106 353974
1781792182505444805 ASK 90 218007
1781792182527257245 BID 71 507462
1781792182527800253 BID 71 215164
1781792182528091129 BID 71 234420
1781792182528355775 BID 80 546461
