1781792137634190223 BID 98 193447
1781792137634238634 ASK 102 48526644
1781792139171273906 BID 98 1392052
1781792139172700092 BID 97 1072718
1781792139538241720 ASK 102 229311
1781792139538508962 ASK 103 208844
1781792139618833941 BID 97 397405
1781792139619304213 BID 96 211948
1781792140122440948 ASK 103 143274
1781792140122682146 ASK 104 348885
1781792140248691863 BID 96 132484
1781792140248850296 BID 95 231929
1781792140343904589 BID 95 193874
1781792140344214250 BID 96 335670
1781792140361320121 BID 96 97673
1781792140361577003 BID 95 189726
1781792140694721004 BID 95 308794
1781792140695128603 BID 101 251051
1781792140869086067 ASK 104 195878
1781792140869311089 ASK 105 254161
1781792141104501500 BID 101 285365
1781792141104825818 BID 100 130114
1781792141214792827 BID 100 116007
1781792141214922430 BID 101 484128
1781792141396526345 BID 101 322998
1781792141396905739 BID 100 274495
1781792141397222994 BID 100 426320
1781792141397720417 BID 99 375234
1781792141398134253 BID 99 359783
1781792141398531025 BID 98 331803
1781792141398892794 BID 98 349528
1781792141399321551 BID 97 317594
1781792141399736888 BID 97 355499
1781792141400164292 BID 96 315547
1781792141400550581 BID 96 602175
1781792141401186760 BID 95 273362
1781792141415964599 BID 95 112521
1781792141416164133 BID 98 151464
1781792141552074028 BID 98 124534
1781792141552227686 BID 97 314404
1781792141552561777 BID 97 383335
1781792141552970610 BID 96 338726
1781792141553332289 BID 96 177607
1781792141553558347 BID 95 458656
1781792141620888172 BID 95 319253
1781792141621385108 BID 94 141506
1781792141658301651 ASK 105 218552
1781792141658568544 ASK 106 333175
1781792141843120189 ASK 106 442861
1781792141843606611 ASK 104 477060
1781792141861402571 ASK 104 238272
1781792141861712017 ASK 101 278492
1781792142023518958 ASK 101 436920
1781792142023990864 ASK 106 298083
1781792142135162635 ASK 106 150332
1781792142135394540 ASK 103 364017
1781792142141887921 ASK 103 273083
1781792142142198093 ASK 97 445511
1781792142201044268 ASK 97 261468
1781792142201421393 ASK 98 266242
1781792142201721970 ASK 98 440093
1781792142202193492 ASK 99 248236
1781792142261039197 ASK 99 169277
1781792142261307220 ASK 103 223209
1781792142261550396 ASK 103 160405
1781792142261739836 ASK 104 233278
1781792142262063283 ASK 104 170184
1781792142262325170 ASK 105 333224
1781792142262847860 ASK 105 100999
1781792142263183960 ASK 106 155973
1781792142304330046 BID 94 654126
1781792142305008928 BID 99 501441
1781792142364227711 BID 99 252940
1781792142364512902 BID 98 272931
1781792142364818004 BID 98 271719
1781792142365104982 BID 97 336351
1781792142399136916 BID 97 451497
1781792142399624621 BID 96 412784
1781792142400066620 BID 96 362966
1781792142400456587 BID 95 387292
1781792142468414667 BID 95 465712
1781792142468911718 BID 94 462497
1781792142555466997 BID 94 437258
1781792142555971101 BID 93 233555
1781792142698864209 ASK 106 153027
1781792142699050258 ASK 107 262840
1781792142821762282 ASK 107 562816
1781792142822397343 ASK 97 270122
1781792142930183676 BID 93 183238
1781792142930404555 BID 92 481463
1781792142930911826 BID 92 227297
1781792142931255301 BID 91 171617
1781792142931463806 BID 91 439184
1781792142931928208 BID 90 241147
1781792143064197117 BID 90 198963
1781792143064476431 BID 93 368431
1781792143068057239 ASK 97 40637613
1781792143108753873 ASK 98 201635
1781792143126378077 ASK 98 30979937
1781792143157305595 BID 93 536868
1781792143157385586 ASK 107 795863
1781792143157876116 BID 92 43633796
1781792143201549757 BID 92 5091909
1781792143206846094 BID 87 149590
1781792143297831489 BID 87 349486
1781792143298213105 BID 93 195347
1781792143305933208 BID 93 258155
1781792143306292993 BID 92 287830
1781792143306701460 BID 92 191991
1781792143306913247 BID 91 380353
1781792143307311193 BID 91 146024
1781792143307726582 BID 87 133210
1781792143343984740 ASK 107 139944
1781792143344154260 ASK 98 319425
1781792143365410727 ASK 98 136732
1781792143365572736 ASK 99 318392
1781792143365928268 ASK 99 214211
1781792143366178277 ASK 100 115453
1781792143366398796 ASK 100 165049
1781792143366589773 ASK 101 283998
1781792143366988667 ASK 101 125916
1781792143367129070 ASK 102 322315
1781792143367468447 ASK 102 161503
1781792143367680245 ASK 103 269160
1781792143368009557 ASK 103 176276
1781792143368227331 ASK 104 279864
1781792143368530479 ASK 104 348188
1781792143368910056 ASK 105 407309
1781792143369344937 ASK 105 308950
1781792143369683222 ASK 106 275406
1781792143370012059 ASK 106 156423
1781792143370234776 ASK 107 270743
1781792143453185510 BID 87 470127
1781792143453706342 BID 97 298475
1781792143536262411 BID 97 278067
1781792143536569322 BID 96 420544
1781792143537034490 BID 96 327725
1781792143537391078 BID 95 440286
1781792143537862944 BID 95 393774
1781792143538322692 BID 94 251342
1781792143538609279 BID 94 382468
1781792143539014640 BID 93 354314
1781792143567421425 BID 93 175369
1781792143567696270 BID 92 394601
1781792143568207039 BID 92 769293
1781792143569007340 BID 91 772499
1781792143569836686 BID 91 318102
1781792143570233786 BID 90 470317
1781792143570849416 BID 90 307496
1781792143571220382 BID 89 199143
1781792143571439773 BID 89 213901
1781792143571728334 BID 88 246008
1781792143572001372 BID 88 315176
1781792143572374326 BID 87 215966
1781792143572677826 BID 87 221311
1781792143572929263 BID 86 269650
1781792143630793190 BID 86 260349
1781792143631087392 BID 89 233288
1781792143712022203 BID 89 286087
1781792143712323439 BID 88 344918
1781792143712738097 BID 88 124643
1781792143712887597 BID 87 433874
1781792143713572081 BID 87 201188
1781792143713859029 BID 86 289633
1781792143714377452 BID 86 220183
1781792143714627230 BID 85 285837
1781792143715081894 BID 85 127168
1781792143715267622 BID 84 190417
1781792143715705784 BID 84 236368
1781792143716025088 BID 83 139312
1781792143716278613 BID 83 146034
1781792143716497754 BID 82 236203
1781792143716873700 BID 82 172929
1781792143717075383 BID 81 228344
1781792143717421598 BID 81 147617
1781792143717637203 BID 80 204808
1781792143718047653 BID 80 179416
1781792143718251706 BID 79 204358
1781792143718706162 BID 79 115352
1781792143718881136 BID 78 129027
1781792143719201792 BID 78 156434
1781792143719380307 BID 77 200236
1781792143719872626 BID 77 108183
1781792143720048075 BID 76 197801
1781792143720500779 BID 76 234245
1781792143720771683 BID 75 165520
1781792143721068159 BID 75 138594
1781792143721271565 BID 74 229846
1781792143721676069 BID 74 119865
1781792143721837311 BID 73 275347
1781792143722401681 BID 73 125876
1781792143722551772 BID 72 368862
1781792143723141788 BID 72 177083
1781792143723343948 BID 71 461488
1781792143723942844 BID 71 126437
1781792143724097534 BID 70 217448
1781792143724487927 BID 70 272353
1781792143724791999 BID 69 195607
1781792143725359253 BID 69 134052
1781792143725510076 BID 68 299903
1781792143726047054 BID 68 130675
1781792143726373847 BID 67 242835
1781792143726827738 BID 67 161894
1781792143727076906 BID 66 166923
1781792143727514046 BID 66 261200
1781792143727801405 BID 65 252313
1781792143728360985 BID 65 287319
1781792143728683580 BID 64 282400
1781792143729021153 BID 64 305832
1781792143729451318 BID 63 150422
1781792143729768453 BID 63 294290
1781792143730119369 BID 62 366447
1781792143730707673 BID 62 314865
1781792143731090966 BID 61 154460
1781792143731443688 BID 61 136476
1781792143731626851 BID 60 300093
1781792143732183996 BID 60 334623
1781792143732548465 BID 59 347442
1781792143733202317 BID 59 130039
1781792143733356681 BID 58 242186
1781792143733825957 BID 58 111108
1781792143734019390 BID 57 182041
1781792143734430371 BID 57 124741
1781792143734584107 BID 56 295441
1781792143735068302 BID 56 150312
1781792143735249562 BID 55 325636
1781792143735825258 BID 55 122750
1781792143736069426 BID 54 166373
1781792143736402110 BID 54 279444
1781792143736713474 BID 53 188559
1781792143737088062 BID 53 165214
1781792143737277672 BID 52 234220
1781792143737785655 BID 52 135815
1781792143737953390 BID 51 373350
1781792143738504243 BID 51 261089
1781792143738815817 BID 50 248056
1781792143739269654 BID 50 235687
1781792143739533684 BID 49 309449
1781792143740180437 BID 49 268041
1781792143740517217 BID 48 492016
1781792143741237130 BID 48 122499
1781792143741576066 BID 47 315903
1781792143742085742 BID 47 250530
1781792143742454313 BID 46 433333
1781792143743045903 BID 46 225102
1781792143743342149 BID 45 325691
1781792143743912068 BID 45 384641
1781792143744323680 BID 44 249278
1781792143744797910 BID 44 178174
1781792143745001422 BID 43 411301
1781792143745480911 BID 43 199705
1781792143745709039 BID 42 253746
1781792143746180594 BID 42 113267
1781792143746347261 BID 41 234321
1781792143746865689 BID 41 123832
1781792143747024377 BID 40 391755
1781792143747528232 BID 40 185866
1781792143747768891 BID 39 335249
1781792143748307945 BID 39 379089
1781792143748720136 BID 38 250742
1781792143749105901 BID 38 128341
1781792143749297210 BID 37 391174
1781792143749866218 BID 37 223339
1781792143750190777 BID 36 412294
1781792143750912457 BID 36 277205
1781792143751216872 BID 35 166843
1781792143751657248 BID 35 150610
1781792143751841021 BID 34 425059
1781792143752417925 BID 34 211627
1781792143752678364 BID 33 220054
1781792143753104824 BID 33 267100
1781792143753396190 BID 32 231505
1781792143753832038 BID 32 172313
1781792143754029579 BID 31 299932
1781792143754639122 BID 31 544321
1781792143755212698 BID 30 1807962
1781792143757255094 BID 30 167978
1781792143757451095 BID 29 247875
1781792143757937417 BID 29 191712
1781792143758223937 BID 28 205044
1781792143758583582 BID 28 215064
1781792143758890347 BID 27 286285
1781792143759397907 BID 27 163068
1781792143759589619 BID 26 461145
1781792143760177041 BID 26 157886
1781792143760361868 BID 25 379296
1781792143760936350 BID 25 114590
1781792143761075547 BID 24 226890
1781792143761428904 BID 24 120025
1781792143761608371 BID 23 430202
1781792143762294483 BID 23 118703
1781792143762442190 BID 22 589110
1781792143763313961 BID 22 257593
1781792143763669407 BID 104 269772
1781792144024588221 BID 74 325866
1781792144024643345 ASK 107 531004
1781792144025263125 ASK 108 291925
1781792144025581890 ASK 108 207650
1781792144025822132 ASK 109 241192
1781792144026086458 ASK 109 386620
1781792144026504016 ASK 110 195717
1781792144026770195 ASK 110 372559
1781792144027167310 ASK 111 296365
1781792144103776182 ASK 111 314499
1781792144104118743 ASK 81 1850697
1781792144104448728 BID 74 1794567
1781792144106268100 BID 76 174718
1781792144204305977 BID 76 198823
1781792144204566315 BID 74 214092
1781792144253047740 BID 74 343465
1781792144253417564 BID 78 180924
1781792144271180833 ASK 81 291563
1781792144271496992 ASK 82 603241
1781792144272176937 ASK 82 495532
1781792144272702526 ASK 83 164859
1781792144272897662 ASK 83 244074
1781792144273166403 ASK 84 403813
1781792144273671636 ASK 84 531036
1781792144274230284 ASK 85 197510
1781792144274463932 ASK 85 300549
1781792144274846805 ASK 86 275773
1781792144275146993 ASK 86 215049
1781792144275378163 ASK 87 211090
1781792144275619510 ASK 87 439114
1781792144276086186 ASK 88 588955
1781792144276693134 ASK 88 257363
1781792144276972538 ASK 89 255068
1781792144277294251 ASK 89 137737
1781792144277675455 ASK 90 362701
1781792144278276853 ASK 90 490227
1781792144278781758 ASK 111 131857
1781792144419272320 BID 78 224836
1781792144419558501 BID 88 401689
1781792144432847685 BID 88 224828
1781792144433096829 BID 95 288584
1781792144467173206 BID 95 451592
1781792144467548245 ASK 111 520286
1781792144467695410 BID 94 888172
1781792144468090121 ASK 112 956179
1781792144468665195 BID 94 792657
1781792144469106252 ASK 112 956870
1781792144469482128 BID 93 755712
1781792144470091536 ASK 113 414198
1781792144470267886 BID 93 604771
1781792144470896541 BID 92 331366
1781792144471281608 BID 92 379688
1781792144471705920 BID 91 327248
1781792144472116945 BID 91 110172
1781792144472259258 BID 90 392831
1781792144472681544 BID 90 329709
1781792144473144503 BID 89 156684
1781792144473378652 BID 89 150548
1781792144473659123 BID 88 157701
1781792144520329976 ASK 113 218074
1781792144520591201 ASK 111 326528
1781792144530125397 ASK 111 191033
1781792144530384087 ASK 92 335710
1781792144576224879 ASK 92 284712
1781792144576546571 ASK 93 370442
1781792144576945496 ASK 93 293405
1781792144577265271 ASK 94 176427
1781792144577466795 ASK 94 451882
1781792144577942933 ASK 95 202830
1781792144578176590 ASK 95 303476
1781792144578508299 ASK 96 212248
1781792144578743780 ASK 96 245615
1781792144579061240 ASK 97 260319
1781792144579410756 ASK 97 114914
1781792144579596212 ASK 98 291206
1781792144579914539 ASK 98 237315
1781792144580395601 ASK 99 235901
1781792144580690272 ASK 99 211557
1781792144580924121 ASK 100 292619
1781792144581272795 ASK 100 305056
1781792144581604942 ASK 101 263004
1781792144582002709 ASK 101 132428
1781792144582192695 ASK 102 316053
1781792144582532402 ASK 102 331101
1781792144582886687 ASK 103 210515
1781792144583272471 ASK 103 242876
1781792144583531857 ASK 104 346550
1781792144583936426 ASK 104 396862
1781792144584357043 ASK 107 143767
1781792144636225875 BID 88 368652
1781792144636524535 ASK 107 404534
1781792144636624182 BID 87 547492
1781792144637010201 ASK 108 450195
1781792144637187724 BID 87 580925
1781792144637514828 ASK 108 559517
1781792144637816689 BID 86 480935
1781792144638148655 ASK 109 473576
1781792144638339292 BID 86 785055
1781792144638663658 ASK 109 515191
1781792144639141669 BID 78 313859
1781792144639199899 ASK 110 687471
1781792144639912987 ASK 110 311424
1781792144640252434 ASK 111 292719
1781792144654514719 BID 78 253286
1781792144654804122 BID 93 334302
1781792144663180631 ASK 111 251587
1781792144663467023 ASK 112 463315
1781792144663963430 ASK 112 237760
1781792144664258668 ASK 113 116439
1781792144684106840 ASK 113 444667
1781792144684620565 ASK 113 492103
1781792144716610270 BID 93 151239
1781792144716685120 ASK 113 442982
1781792144716792698 BID 92 780935
1781792144717196560 ASK 98 568857
1781792144717606675 BID 92 506574
1781792144718129891 BID 91 328616
1781792144718537365 BID 91 286984
1781792144718853694 BID 90 299897
1781792144719190340 BID 90 130024
1781792144719462340 BID 89 312797
1781792144719805544 BID 89 367690
1781792144720237705 BID 78 266009
1781792144769049183 BID 78 810803
1781792144769907375 BID 90 207309
1781792144770026238 ASK 98 232551
1781792144770285068 ASK 113 250079
1781792144811702122 BID 90 219572
1781792144811995292 BID 96 293701
1781792144919125344 BID 96 149323
1781792144919311546 BID 95 218209
1781792144919554021 BID 95 234891
1781792144919800213 BID 94 283211
1781792144920106808 BID 94 414262
1781792144920540236 BID 90 205210
1781792144953401193 ASK 113 44215850
1781792144997704497 ASK 102 196411
1781792145153949198 ASK 102 156232
1781792145154141047 ASK 103 263589
1781792145154437278 ASK 103 184005
1781792145154682578 ASK 104 395582
1781792145155091656 ASK 104 187111
1781792145155503794 ASK 114 438517
1781792145220030365 BID 90 288270
1781792145220351517 BID 89 198476
1781792145220917493 BID 89 289930
1781792145221346073 BID 88 349796
1781792145221785257 BID 88 342382
1781792145222155431 BID 87 158758
1781792145222721067 BID 87 131887
1781792145223008736 BID 86 161473
1781792145223373285 BID 86 279209
1781792145223711404 BID 85 356013
1781792145224333539 BID 85 103953
1781792145224498186 BID 84 347612
1781792145224899539 BID 84 207033
1781792145225132590 BID 83 218581
1781792145225414239 BID 83 256541
1781792145225698833 BID 82 262272
1781792145226189864 BID 82 207950
1781792145226422871 BID 81 286658
1781792145226910346 BID 81 146696
1781792145227112875 BID 80 270788
1781792145227598256 BID 80 146299
1781792145227851937 BID 79 349308
1781792145228268471 BID 79 201831
1781792145228567254 BID 78 235892
1781792145228969979 BID 78 129441
1781792145229186163 BID 77 185067
1781792145229421003 BID 77 129621
1781792145229648318 BID 76 292603
1781792145230059719 BID 76 212359
1781792145230298437 BID 75 200450
1781792145230698662 BID 75 141100
1781792145230897771 BID 74 159512
1781792145231265145 BID 74 176807
1781792145231468182 BID 73 217567
1781792145231936980 BID 73 123633
1781792145232082855 BID 72 255408
1781792145232392896 BID 72 169489
1781792145232590076 BID 71 116649
1781792145232872931 BID 71 290004
1781792145233189415 BID 70 129318
1781792145233558513 BID 70 135769
1781792145233726843 BID 69 232516
1781792145234135025 BID 69 226360
1781792145234387212 BID 68 280185
1781792145234929629 BID 68 551445
1781792145235509888 BID 67 262733
1781792145235906622 BID 67 173997
1781792145236104805 BID 66 405991
1781792145236597458 BID 66 172704
1781792145236848299 BID 65 375314
1781792145237285139 BID 65 435192
1781792145237748803 BID 64 350177
1781792145238203937 BID 64 177448
1781792145238430547 BID 63 290586
1781792145238851608 BID 63 194123
1781792145239072452 BID 62 243918
1781792145239525622 BID 62 210225
1781792145239763939 BID 61 148003
1781792145240127521 BID 61 95419
1781792145240277532 BID 60 284905
1781792145240777410 BID 60 153268
1781792145240969861 BID 59 328897
1781792145241313356 BID 59 90780
1781792145286601415 BID 95 335219
1781792145317210699 ASK 114 584908
1781792145317451991 BID 95 633488
1781792145317823588 ASK 114 530736
1781792145318110807 BID 94 639770
1781792145318766998 BID 94 189045
1781792145319146830 BID 88 268850
1781792145335109726 BID 88 439931
1781792145335578321 BID 87 520649
1781792145336313800 BID 87 127744
1781792145336469958 BID 86 417523
1781792145337024939 BID 86 162976
1781792145337214244 BID 85 204424
1781792145337738237 BID 85 137598
1781792145337939314 BID 84 163136
1781792145338300342 BID 84 195107
1781792145338525755 BID 83 359083
1781792145339110481 BID 83 165080
1781792145339301550 BID 82 203201
1781792145339589159 BID 82 131637
1781792145339784255 BID 81 282961
1781792145340215379 BID 81 277025
1781792145340537478 BID 80 159139
1781792145340856973 BID 80 175243
1781792145341059798 BID 79 123802
1781792145341396324 BID 79 115808
1781792145341590879 BID 78 313724
1781792145342007597 BID 78 249458
1781792145342283084 BID 77 100779
1781792145342665300 BID 77 451187
1781792145343146553 BID 76 306790
1781792145343794394 BID 76 198451
1781792145344019135 BID 75 306199
1781792145344701560 BID 75 223760
1781792145344950037 BID 74 258089
1781792145345388755 BID 74 132398
1781792145345637592 BID 73 231406
1781792145345928299 BID 73 241764
1781792145346270782 BID 72 239299
1781792145346781430 BID 72 138159
1781792145347094207 BID 71 225724
1781792145347535006 BID 71 194013
1781792145347825671 BID 70 152566
1781792145348153215 BID 70 203813
1781792145348381314 BID 69 297688
1781792145348843991 BID 69 122285
1781792145348989320 BID 68 250123
1781792145349424496 BID 68 128451
1781792145349582051 BID 67 301406
1781792145350058325 BID 67 235126
1781792145350320371 BID 66 399580
1781792145350920677 BID 66 377208
1781792145351369429 BID 65 295475
1781792145351839867 BID 65 119404
1781792145351981071 BID 64 202596
1781792145352386362 BID 64 177648
1781792145352605077 BID 63 380459
1781792145353084242 BID 63 111959
1781792145353288835 BID 62 189315
1781792145353675095 BID 62 295600
1781792145353995500 BID 61 182614
1781792145354357615 BID 61 188508
1781792145354571721 BID 60 160947
1781792145354911985 BID 60 228158
1781792145355166813 BID 59 322575
1781792145355690255 BID 59 168897
1781792145355906391 BID 58 197126
1781792145356286348 BID 58 155031
1781792145356463862 BID 57 409818
1781792145357094585 BID 57 147070
1781792145357421072 BID 56 433944
1781792145357951276 BID 56 123007
1781792145466052581 BID 80 166605
1781792145534307789 ASK 114 375524
1781792145534721605 ASK 113 272230
1781792145578241417 ASK 113 251880
1781792145578579680 ASK 114 326161
1781792145580458687 BID 80 369062
1781792145580864738 BID 108 321924
1781792145687143887 ASK 114 189686
1781792145687365844 ASK 115 183024
1781792145687584434 ASK 115 478064
1781792145688089479 ASK 116 161455
1781792145688302671 ASK 116 306114
1781792145688634363 ASK 117 414798
1781792145715955026 BID 108 407565
1781792145716384182 BID 107 295368
1781792145716707453 BID 107 290800
1781792145717021106 BID 106 263855
1781792145717311471 BID 106 187602
1781792145717524631 BID 105 267311
1781792145717818712 BID 105 366868
1781792145718219133 BID 104 280394
1781792145718528181 BID 104 286528
1781792145718842261 BID 103 294380
1781792145719209376 BID 103 320286
1781792145719556483 BID 102 309174
1781792145965959740 ASK 117 285615
1781792145966280611 ASK 109 351635
1781792146080233983 BID 102 657534
1781792146080921343 BID 101 297818
1781792146081247344 BID 101 260349
1781792146081585229 BID 100 364073
1781792146081965803 BID 100 332989
1781792146082471055 BID 99 301095
1781792146082804481 BID 99 649488
1781792146083551121 BID 98 223254
1781792146083802878 BID 98 439515
1781792146084293038 BID 97 446669
1781792146084770034 BID 97 104295
1781792146084896080 BID 96 330274
1781792146085252904 BID 96 275957
1781792146085556533 BID 95 374568
1781792146085955226 BID 95 659778
1781792146086641924 BID 94 280652
1781792146087072037 BID 94 618601
1781792146087853002 BID 93 190292
1781792146163275958 BID 93 581026
1781792146163886529 BID 101 276865
1781792146238117645 BID 101 292820
1781792146238206803 ASK 109 360306
1781792146238541911 BID 100 630683
1781792146238577739 ASK 110 720120
1781792146239208833 BID 100 247415
1781792146239319340 ASK 110 596909
1781792146239471275 BID 99 507281
1781792146239934043 ASK 111 107441
1781792146239988635 BID 99 253806
1781792146240051994 ASK 111 532274
1781792146240257360 BID 98 759541
1781792146240610588 ASK 112 487649
1781792146241042879 BID 98 288094
1781792146241127502 ASK 112 601348
1781792146241355349 BID 97 514515
1781792146241762292 ASK 113 389160
1781792146241978398 BID 97 424902
1781792146242214561 ASK 113 522901
1781792146242433166 BID 96 804895
1781792146242812002 ASK 114 458440
1781792146243249723 BID 96 213140
1781792146243522365 BID 95 263835
1781792146243869526 BID 95 138770
1781792146244025368 BID 94 225133
1781792146244270689 BID 94 278599
1781792146244588350 BID 93 266229
1781792146244882522 BID 93 206650
1781792146245279018 BID 92 464111
1781792146245811637 BID 92 254720
1781792146246303592 BID 86 204278
1781792146257896159 BID 86 208800
1781792146258142319 BID 98 290495
1781792146277665962 BID 98 291086
1781792146278090618 BID 97 117130
1781792146278225431 BID 97 681550
1781792146278937268 BID 96 229089
1781792146279191164 BID 96 366588
1781792146279587117 BID 95 398807
1781792146280019998 BID 95 173025
1781792146280219223 BID 94 354460
1781792146280596945 BID 94 539632
1781792146281161184 BID 86 135504
1781792146319211365 BID 86 230300
1781792146319469116 BID 89 292762
1781792146411161453 BID 89 358923
1781792146411557456 BID 93 359024
1781792146427929357 ASK 114 458082
1781792146428418016 ASK 105 181155
1781792146437060649 ASK 105 103985
1781792146437197917 ASK 106 375394
1781792146437643142 ASK 106 303194
1781792146437983616 ASK 107 172649
1781792146438181131 ASK 107 207279
1781792146438401585 ASK 108 226124
1781792146438685828 ASK 108 370946
1781792146439092010 ASK 109 220594
1781792146439362808 ASK 109 329348
1781792146439797914 ASK 110 214022
1781792146440251756 ASK 110 291687
1781792146440570824 ASK 111 214122
1781792146440840901 ASK 111 326047
1781792146441196714 ASK 112 251081
1781792146441466590 ASK 112 448622
1781792146441943255 ASK 113 361622
1781792146442325566 ASK 113 263144
1781792146442672567 ASK 114 128601
1781792146442875017 ASK 114 182392
1781792146443081745 ASK 115 189726
1781792146443300756 ASK 115 223079
1781792146443581252 ASK 116 187271
1781792146443821663 ASK 116 301654
1781792146444199770 ASK 117 269085
1781792146450578348 BID 93 138460
1781792146450607222 ASK 117 495810
1781792146450778904 BID 92 573041
1781792146451165560 ASK 114 708735
1781792146451380799 BID 92 803497
1781792146452210125 BID 91 243461
1781792146452485777 BID 91 315011
1781792146452875408 BID 90 150713
1781792146453093597 BID 90 348173
1781792146453518875 BID 89 280636
1781792146539076719 ASK 114 328166
1781792146539451903 ASK 103 324233
1781792146563814016 BID 89 326989
1781792146564080757 ASK 103 563372
1781792146564168547 BID 88 968236
1781792146564688833 ASK 93 761473
1781792146565156420 BID 88 753498
1781792146565936859 BID 87 304021
1781792146566263652 BID 87 470430
1781792146566765872 BID 86 309711
1781792146605475727 ASK 93 44716347
1781792146650231869 ASK 111 143725
1781792146711506805 ASK 111 182913
1781792146711765780 ASK 100 325957
1781792146731123986 ASK 100 213969
1781792146731378661 ASK 90 357433
1781792146788118647 ASK 90 289974
1781792146788466449 ASK 91 159078
1781792146788657638 ASK 91 403867
1781792146789087814 ASK 92 471461
1781792146789630709 ASK 92 515160
1781792146790171387 ASK 93 369564
1781792146790583531 ASK 93 372709
1781792146790974124 ASK 94 301482
1781792146791308606 ASK 94 494753
1781792146791909819 ASK 95 257993
1781792146792201887 ASK 95 169849
1781792146792404416 ASK 96 427212
1781792146792856224 ASK 96 351790
1781792146793238461 ASK 97 319650
1781792146793588127 ASK 97 363793
1781792146793980624 ASK 98 344497
1781792146794350107 ASK 98 407925
1781792146794829987 ASK 99 374462
1781792146795302974 ASK 99 362871
1781792146795725316 ASK 100 400462
1781792146802757309 BID 86 530235
1781792146803323691 BID 85 256181
1781792146803718662 BID 85 402364
1781792146804151844 BID 84 299773
1781792146804543179 BID 84 492704
1781792146805053135 BID 80 132880
1781792146841596656 BID 80 182397
1781792146841895842 BID 86 226194
1781792146886768262 ASK 100 222637
1781792146887025194 ASK 92 571321
1781792146902133313 ASK 92 171537
1781792146902502309 ASK 93 239830
1781792146902781954 ASK 93 277130
1781792146903091214 ASK 94 284411
1781792146903497885 ASK 94 360479
1781792146903940597 ASK 95 318718
1781792146904280665 ASK 95 323036
1781792146904628237 ASK 96 1681765
1781792146906338655 ASK 96 222689
1781792146906612890 ASK 97 265348
1781792146907065960 ASK 97 223900
1781792146907462294 ASK 98 272215
1781792146907772120 ASK 98 155354
1781792146907952121 ASK 99 269486
1781792146908246733 ASK 99 216198
1781792146908481736 ASK 100 463429
1781792146914073422 BID 86 376109
1781792146914468357 BID 85 297012
1781792146914825522 BID 85 155171
1781792146914992585 BID 84 324024
1781792146915341004 BID 84 246272
1781792146915655043 BID 83 251562
1781792146915936682 BID 83 315021
1781792146916326062 BID 82 311404
1781792146958823797 BID 82 806804
1781792146959687918 BID 81 208762
1781792146959920655 BID 81 274264
1781792146960214226 BID 80 140092
1781792147013100308 ASK 100 290010
1781792147013426246 ASK 85 444588
1781792147118842608 ASK 85 147352
1781792147119043862 ASK 100 311339
1781792147122112921 BID 80 147714
1781792147122366584 BID 84 398818
1781792147195036797 BID 84 446788
1781792147195511367 BID 84 243747
1781792147266124517 ASK 100 410249
1781792147266569602 ASK 101 329949
1781792147266979180 ASK 101 296711
1781792147267301119 ASK 102 409198
1781792147267742928 ASK 102 274841
1781792147268068083 ASK 103 261881
1781792147268356454 ASK 103 181380
1781792147268554566 ASK 104 194575
1781792147268774789 ASK 104 280221
1781792147269082251 ASK 105 187283
1781792147269310331 ASK 105 253002
1781792147269592478 ASK 106 502928
1781792147275956923 ASK 106 35439964
1781792147311351492 ASK 117 51463341
1781792147364436348 ASK 117 236859
1781792147364701680 ASK 122 265458
1781792147365264476 ASK 122 132925
1781792147365454798 ASK 123 122711
1781792147365921779 ASK 123 169033
1781792147366147067 ASK 124 227297
1781792147366484586 ASK 124 164359
1781792147366686946 ASK 125 295318
1781792147367179444 ASK 125 135314
1781792147367373569 ASK 126 282640
1781792147367761897 ASK 126 131044
1781792147367928668 ASK 127 278755
1781792147368365479 ASK 127 232817
1781792147368643110 ASK 128 200000
1781792147369104566 ASK 128 267878
1781792147369399535 ASK 129 290769
1781792147369863970 ASK 129 239820
1781792147370134208 ASK 130 203371
1781792147370505514 ASK 130 129653
1781792147370721850 ASK 131 260213
1781792147371265916 ASK 131 181172
1781792147371473377 ASK 132 498177
1781792147372333654 ASK 132 87650
1781792147372444116 ASK 133 372133
1781792147373066759 ASK 133 291527
1781792147373393722 ASK 134 295975
1781792147373827113 ASK 134 171231
1781792147374033701 ASK 135 206881
1781792147374483226 ASK 135 237606
1781792147374750157 ASK 136 328286
1781792147375237020 ASK 136 238998
1781792147375572960 ASK 137 340399
1781792147376042722 ASK 137 228870
1781792147376304432 ASK 138 208511
1781792147376813668 ASK 138 161643
1781792147377000819 ASK 139 350638
1781792147377547445 ASK 139 229991
1781792147377845434 ASK 140 438222
1781792147378548362 ASK 140 239570
1781792147378816245 ASK 141 228478
1781792147379326552 ASK 141 122310
1781792147379471835 ASK 142 261951
1781792147380009153 ASK 142 131206
1781792147380165476 ASK 143 372338
1781792147380689920 ASK 143 305674
1781792147381025479 ASK 144 396143
1781792147381505989 ASK 144 161325
1781792147381715203 ASK 145 353408
1781792147382292747 ASK 145 141745
1781792147382519983 ASK 146 257493
1781792147382961841 ASK 146 174889
1781792147383159993 ASK 147 285817
1781792147383746063 ASK 147 149034
1781792147383922208 ASK 148 301807
1781792147384421700 ASK 148 168402
1781792147384687876 ASK 149 235852
1781792147385230433 ASK 149 146129
1781792147385513098 ASK 150 254257
1781792147386001174 ASK 150 118011
1781792147386152778 ASK 151 412233
1781792147386705865 ASK 151 129273
1781792147386902184 ASK 152 362820
1781792147387471121 ASK 152 254082
1781792147387807958 ASK 153 347321
1781792147388361688 ASK 153 147611
1781792147388547029 ASK 154 361368
1781792147389110271 ASK 154 129606
1781792147389271827 ASK 155 452148
1781792147389867294 ASK 155 130146
1781792147390071760 ASK 156 188411
1781792147390495705 ASK 156 227327
1781792147390760883 ASK 157 191639
1781792147391103545 ASK 157 250686
1781792147391382313 ASK 158 207359
1781792147391649204 ASK 158 192223
1781792147391866374 ASK 159 294022
1781792147392177438 ASK 159 122079
1781792147415405897 ASK 115 250155
1781792147430963562 ASK 115 204844
1781792147431203322 ASK 112 254598
1781792147473860732 ASK 112 213585
1781792147474189754 ASK 102 387557
1781792147577480401 ASK 102 359178
1781792147577752616 BID 84 486202
1781792147577942683 ASK 103 551665
1781792147578265378 BID 83 462267
1781792147578519565 ASK 103 504747
1781792147578756750 BID 83 531708
1781792147579046433 ASK 104 496372
1781792147579337500 BID 82 546365
1781792147579568423 ASK 104 565971
1781792147579930392 BID 82 562381
1781792147580145986 ASK 105 488316
1781792147580515806 BID 81 432345
1781792147580796136 ASK 105 472757
1781792147581057116 BID 81 504212
1781792147581291195 ASK 106 420098
1781792147581584450 BID 80 334833
1781792147581895348 ASK 106 427788
1781792147582390923 ASK 107 140138
1781792147582554825 ASK 107 453671
1781792147583027973 ASK 108 302257
1781792147583358954 ASK 108 492329
1781792147583876590 ASK 109 267747
1781792147584179503 ASK 109 269140
1781792147584474431 ASK 110 345013
1781792147584844921 ASK 110 312843
1781792147585183252 ASK 111 310657
1781792147585517914 ASK 111 337813
1781792147585889280 ASK 112 181942
1781792147597994219 BID 80 137628
1781792147598162505 BID 84 344576
1781792147657231107 ASK 112 392275
1781792147657718641 ASK 113 165691
1781792147665456695 BID 84 474981
1781792147665954349 BID 83 138299
1781792147666172899 BID 83 233911
1781792147666433621 BID 82 458129
1781792147666951432 BID 82 181570
1781792147667212391 BID 81 617619
1781792147667891716 BID 81 140574
1781792147668355175 BID 80 123241
1781792147704831183 BID 80 159925
1781792147705028568 BID 89 220279
1781792147737936996 BID 89 397113
1781792147738361661 BID 97 266384
1781792147948796002 ASK 113 143379
1781792147948973224 ASK 111 251332
1781792147999016600 ASK 111 689999
1781792147999730444 ASK 106 193838
1781792148035665650 BID 97 127977
1781792148035821029 BID 101 213671
1781792148084336559 ASK 106 334006
1781792148084786984 ASK 113 325089
1781792148243812973 BID 101 204093
1781792148244089532 BID 100 166603
1781792148244325535 BID 100 204714
1781792148244581655 BID 99 255720
1781792148244869525 BID 99 283327
1781792148245201914 BID 98 208762
1781792148245429691 BID 98 424181
1781792148245883558 BID 97 551509
1781792148246521299 ASK 113 26533778
1781792148273013720 BID 97 119919
1781792148273072610 ASK 118 308673
1781792148273206055 BID 96 40572639
1781792148313840060 BID 96 331326
1781792148314295989 BID 80 347492
1781792148316332760 ASK 118 294743
1781792148316680292 ASK 119 286096
1781792148317191701 ASK 119 212579
1781792148317504198 ASK 120 252764
1781792148317909588 ASK 120 174207
1781792148318109884 ASK 121 407695
1781792148318621714 ASK 121 1141381
1781792148319728641 BID 80 115917
1781792148319779095 ASK 122 283893
1781792148319881477 BID 104 552607
1781792148320291206 ASK 122 461165
1781792148320785794 ASK 123 307176
1781792148321288432 ASK 123 219136
1781792148321542383 ASK 124 433932
1781792148322194422 ASK 124 123281
1781792148322376533 ASK 125 199845
1781792148322782455 ASK 125 149636
1781792148322969311 ASK 126 326974
1781792148323422540 ASK 126 242205
1781792148323688730 ASK 127 271184
1781792148324156858 ASK 127 190818
1781792148324373414 ASK 128 441649
1781792148325159319 ASK 128 145408
1781792148325370750 ASK 129 368892
1781792148325799865 ASK 129 203567
1781792148326031084 ASK 130 374731
1781792148326488462 ASK 130 264346
1781792148326787954 ASK 131 174793
1781792148327219979 ASK 131 128486
1781792148327373452 ASK 132 281453
1781792148327932656 ASK 132 1598704
1781792148329556147 ASK 133 366898
1781792148330196719 ASK 133 235492
1781792148330465783 ASK 134 146680
1781792148330901781 ASK 134 151249
1781792148331076434 ASK 135 235832
1781792148331566478 ASK 135 165015
1781792148331762030 ASK 136 263117
1781792148332166464 ASK 136 318838
1781792148332513625 ASK 137 427768
1781792148333002568 ASK 137 146284
1781792148333172306 ASK 138 271499
1781792148333613156 ASK 138 106620
1781792148333800928 ASK 139 693914
1781792148334713151 ASK 139 141484
1781792148334882507 ASK 140 252681
1781792148335314304 ASK 140 196660
1781792148335544707 ASK 141 511399
1781792148336217203 ASK 141 181996
1781792148336422773 ASK 142 683476
1781792148337174066 ASK 142 243599
1781792148337478409 ASK 127 563365
1781792148368903086 ASK 127 166417
1781792148369133092 ASK 125 241478
1781792148436875455 ASK 125 124844
1781792148437028261 ASK 122 159249
1781792148469852870 BID 104 239459
1781792148470120291 BID 103 198022
1781792148470365872 BID 103 283562
1781792148470703906 BID 102 368441
1781792148471154762 BID 102 149019
1781792148471326484 BID 101 295935
1781792148471701988 BID 101 522250
1781792148472282688 BID 100 242424
1781792148472548536 BID 100 263915
1781792148472867775 BID 99 305173
1781792148473187305 BID 99 237385
1781792148473466358 BID 98 321824
1781792148473880054 BID 98 155662
1781792148474148708 BID 97 334037
1781792148514366848 BID 97 631755
1781792148515031915 BID 108 280416
1781792148549171265 BID 108 557035
1781792148549755852 BID 109 406146
1781792148789410134 ASK 122 397125
1781792148789869506 ASK 121 226424
1781792148838685053 ASK 121 282300
1781792148839069725 ASK 122 131937
1781792148839436262 ASK 122 241784
1781792148839784947 ASK 123 156248
1781792148839969888 ASK 123 288546
1781792148840313898 ASK 124 415890
1781792148840769704 ASK 124 366879
1781792148841165266 ASK 125 209042
1781792148954686218 BID 109 168063
1781792148954897863 BID 108 277553
1781792148955222965 BID 108 231983
1781792148955486768 BID 107 397222
1781792148955910971 BID 107 218551
1781792148956147565 BID 106 255654
1781792148956416093 BID 106 344266
1781792148956789854 BID 105 188825
1781792148965264973 ASK 125 424967
1781792148965736278 ASK 126 295956
1781792148966054054 ASK 126 127910
1781792148966341974 ASK 127 142197
1781792148988694327 BID 105 402094
1781792148989134102 BID 104 356048
1781792148989557717 BID 104 408836
1781792148989991841 BID 103 360927
1781792148990376452 BID 103 558613
1781792148990961775 BID 102 448512
1781792148991498963 BID 102 317466
1781792148991839031 BID 101 350307
1781792148992214075 BID 101 272942
1781792148992538764 BID 100 207314
1781792148992771466 BID 100 443901
1781792148993235554 BID 99 187892
1781792148993440318 BID 99 151294
1781792148993617040 BID 98 345799
1781792148993999287 BID 98 451194
1781792148994476158 BID 97 440810
1781792149007228537 ASK 127 193763
1781792149007448499 ASK 115 458315
1781792149031844754 ASK 115 565743
1781792149032438330 ASK 108 329253
1781792149042192276 BID 97 204764
1781792149042428599 BID 96 382047
1781792149042836474 BID 96 229921
1781792149043133281 BID 95 237395
1781792149043446058 BID 95 364450
1781792149043840364 BID 94 453486
1781792149044329247 BID 94 306916
1781792149044776486 BID 93 236964
1781792149045076659 BID 93 351429
1781792149045452103 BID 92 385474
1781792149045859287 BID 92 263179
1781792149046148585 BID 91 392068
1781792149046568956 BID 91 295551
1781792149046897489 BID 90 401564
1781792149047331874 BID 90 703433
1781792149048066035 BID 89 359895
1781792149048457539 BID 89 325631
1781792149048804650 BID 88 403660
1781792149049237585 BID 88 254156
1781792149049566111 BID 87 328677
1781792149049919644 BID 87 169208
1781792149050181005 BID 86 170327
1781792149050419159 BID 86 127417
1781792149050570912 BID 85 382752
1781792149050977258 BID 85 337834
1781792149051373251 BID 84 336251
1781792149051774965 BID 84 117220
1781792149052032959 BID 83 256451
1781792149052314277 BID 83 176361
1781792149052588962 BID 82 126988
1781792149052807913 BID 82 132027
1781792149052969165 BID 81 207063
1781792149053230550 BID 81 237300
1781792149053554413 BID 80 320078
1781792149097098135 ASK 108 168461
1781792149097300831 ASK 90 139281
1781792149147808542 ASK 90 215574
1781792149148054182 ASK 121 476769
1781792149148606664 ASK 121 337747
1781792149148974958 ASK 122 423392
1781792149149424157 ASK 122 541191
1781792149149995855 ASK 123 356599
1781792149150419079 ASK 123 635560
1781792149151082952 ASK 124 344038
1781792149151482844 ASK 124 474288
1781792149152052822 ASK 125 200596
1781792149152322287 ASK 125 165262
1781792149152523958 ASK 126 432787
1781792149152984176 ASK 126 195692
1781792149153203833 ASK 127 326308
1781792149196331921 BID 80 204353
1781792149196649426 BID 82 230613
1781792149270219298 ASK 127 614543
1781792149270870070 ASK 110 396085
1781792149314086568 ASK 110 137117
1781792149314257930 ASK 91 292137
1781792149350611412 ASK 91 300780
1781792149350967185 ASK 92 308433
1781792149351291198 ASK 92 306209
1781792149351630850 ASK 93 427351
1781792149352129195 ASK 93 263855
1781792149352446039 ASK 94 193342
1781792149352657045 ASK 94 316604
1781792149353032188 ASK 95 284464
1781792149353338423 ASK 95 155861
1781792149353523488 ASK 96 327234
1781792149353922507 ASK 96 311551
1781792149354260428 ASK 97 297698
1781792149354583754 ASK 97 203462
1781792149354828283 ASK 98 240394
1781792149355147615 ASK 98 190197
1781792149355384910 ASK 99 329528
1781792149355833432 ASK 99 247210
1781792149356110398 ASK 100 220519
1781792149356440894 ASK 100 284439
1781792149356751601 ASK 101 381619
1781792149357165080 ASK 101 232967
1781792149357425859 ASK 102 386297
1781792149357848564 ASK 102 342187
1781792149358220577 ASK 103 322458
1781792149358590814 ASK 103 516446
1781792149359132558 ASK 104 446973
1781792149359613345 ASK 104 339685
1781792149360022210 ASK 105 329440
1781792149360376647 ASK 105 397706
1781792149360805652 ASK 106 336020
1781792149361168272 ASK 106 320812
1781792149361525973 ASK 107 302698
1781792149361953134 ASK 107 199379
1781792149362181528 ASK 108 198126
1781792149362489711 ASK 108 326587
1781792149362846856 ASK 109 340338
1781792149363213554 ASK 109 288751
1781792149363535978 ASK 110 152036
1781792149373460542 BID 82 422973
1781792149373917850 BID 98 196438
1781792149564904858 BID 98 514891
1781792149565487315 BID 97 381802
1781792149566030179 BID 97 129924
1781792149566261653 BID 96 213801
1781792149566499009 BID 96 341100
1781792149566874383 BID 95 421120
1781792149567310211 BID 95 203927
1781792149567788448 BID 90 149130
1781792149597421113 BID 90 132454
1781792149597591297 BID 89 451628
1781792149598074303 BID 89 143539
1781792149598249432 BID 88 198191
1781792149598480545 BID 88 283833
1781792149598787912 BID 87 237586
1781792149599052348 BID 87 201328
1781792149599284153 BID 86 371051
1781792149599684349 BID 86 309010
1781792149600018557 BID 85 143019
1781792149600173377 BID 85 235766
1781792149600436134 BID 84 272311
1781792149600728963 BID 84 344091
1781792149601128728 BID 83 268554
1781792149601494144 BID 83 158878
1781792149601677127 BID 82 363382
1781792149629138230 ASK 110 386155
1781792149629560953 ASK 110 203887
1781792149734234879 BID 82 187177
1781792149734264825 ASK 110 363993
1781792149734450459 BID 95 553062
1781792149734704961 ASK 111 681697
1781792149735417245 ASK 111 358730
1781792149735805871 ASK 112 183740
1781792149736062969 ASK 112 323304
1781792149736413264 ASK 113 308956
1781792149736766273 ASK 113 310936
1781792149737126331 ASK 114 401015
1781792149737555128 ASK 114 387422
1781792149738004326 ASK 115 362284
1781792149738401004 ASK 115 465472
1781792149738889168 ASK 116 594147
1781792149739587781 ASK 116 148018
1781792149739749234 ASK 117 314545
1781792149787492620 BID 95 314858
1781792149787838266 BID 98 239141
1781792149881438265 BID 98 222403
1781792149881727462 BID 95 340769
1781792149958203699 ASK 117 421771
1781792149958662078 ASK 118 457323
1781792149959164626 ASK 118 349275
1781792149959548406 ASK 110 402395
1781792150053849628 BID 95 242751
1781792150054132805 BID 94 223414
1781792150082183036 BID 94 1928924
1781792150084146725 BID 93 289293
1781792150084474350 BID 93 153989
1781792150084789782 BID 92 141941
1781792150085032231 BID 92 202130
1781792150085261172 BID 91 251470
1781792150085579598 BID 91 248161
1781792150085942274 BID 90 200927
1781792150086158820 BID 90 199494
1781792150086495652 BID 89 106450
1781792150086626969 BID 89 250260
1781792150086890994 BID 88 202850
1781792150106153105 BID 88 176986
1781792150106432373 BID 87 112381
1781792150106568538 BID 87 400812
1781792150107000138 BID 86 379598
1781792150107405354 BID 86 408054
1781792150107837985 BID 85 205661
1781792150108071147 BID 85 260990
1781792150108352014 BID 84 239484
1781792150108614010 BID 84 391265
1781792150109033398 BID 83 281398
1781792150109343139 BID 83 370394
1781792150109741756 BID 82 301270
1781792150153347274 ASK 110 271694
1781792150153647562 ASK 97 610027
1781792150203540369 BID 82 508009
1781792150204069828 BID 81 280781
1781792150204526094 BID 81 305242
1781792150204860671 BID 80 188228
1781792150205278390 BID 80 343554
1781792150205667600 BID 79 151299
1781792150206155360 BID 79 251882
1781792150206437689 BID 78 242195
1781792150206841828 BID 78 183539
1781792150207054091 BID 77 256942
1781792150207460228 BID 77 94101
1781792150207623689 BID 76 217173
1781792150207973210 BID 76 95093
1781792150208093360 BID 75 172800
1781792150208418476 BID 75 170534
1781792150208662889 BID 74 276418
1781792150209113855 BID 74 239184
1781792150209414464 BID 73 313578
1781792150209778657 BID 73 132228
1781792150210043634 BID 72 214412
1781792150210454024 BID 72 167893
1781792150210668324 BID 71 278823
1781792150211273481 BID 71 267176
1781792150211643300 BID 70 209478
1781792150212044948 BID 70 130636
1781792150212200791 BID 69 172268
1781792150212587461 BID 69 167235
1781792150212819187 BID 68 273277
1781792150213197772 BID 68 187968
1781792150213420474 BID 67 439109
1781792150214092791 BID 67 112197
1781792150214232248 BID 66 209191
1781792150214726069 BID 66 233037
1781792150215005002 BID 65 285886
1781792150215453003 BID 65 198062
1781792150215683875 BID 64 351239
1781792150216256008 BID 64 210395
1781792150216495718 BID 63 291687
1781792150216983299 BID 63 233438
1781792150217241433 BID 62 462837
1781792150218048702 BID 62 232756
1781792150218359465 BID 61 379081
1781792150218971262 BID 61 176882
1781792150219174584 BID 60 210825
1781792150219622865 BID 60 203301
1781792150219850682 BID 59 297729
1781792150220308188 BID 59 164376
1781792150220499745 BID 58 321307
1781792150220952980 BID 58 178885
1781792150221188061 BID 57 354124
1781792150221720279 BID 57 107197
1781792150221849868 BID 56 214132
1781792150222274134 BID 56 215649
1781792150222517545 BID 55 141764
1781792150222833145 BID 55 195870
1781792150223055304 BID 54 265939
1781792150223436619 BID 54 130685
1781792150223618781 BID 53 448286
1781792150224122872 BID 53 271699
1781792150224420330 BID 52 274314
1781792150224855221 BID 52 112646
1781792150224992493 BID 51 338768
1781792150225492133 BID 51 339489
1781792150225895272 BID 50 256305
1781792150226353772 BID 50 143435
1781792150226529577 BID 49 503908
1781792150227151135 BID 49 221278
1781792150227436002 BID 48 185362
1781792150227731010 BID 48 195307
1781792150227950632 BID 47 315688
1781792150228522548 BID 47 168654
1781792150228724945 BID 46 373193
1781792150229377890 BID 46 286838
1781792150229694944 BID 45 308429
1781792150230182434 BID 45 288481
1781792150230497325 BID 44 337443
1781792150230966401 BID 44 96139
1781792150231085153 BID 43 268939
1781792150231531129 BID 43 165501
1781792150231724142 BID 42 289037
1781792150232159103 BID 42 179977
1781792150232363256 BID 41 215565
1781792150232781550 BID 41 218971
1781792150233024857 BID 40 303276
1781792150233594525 BID 40 172822
1781792150233846526 BID 39 161733
1781792150234226318 BID 39 171815
1781792150234423300 BID 38 303209
1781792150234944398 BID 38 175579
1781792150235186522 BID 37 365976
1781792150235814064 BID 37 230477
1781792150236073516 BID 36 93603
1781792150236444369 BID 36 157416
1781792150236622824 BID 35 858463
1781792150237779116 BID 35 594164
1781792150238400762 BID 34 296196
1781792150238877757 BID 34 183183
1781792150239122025 BID 33 275847
