1781792266736347233 BID 98 172133
1781792266736382359 ASK 102 41607126
1781792268244129167 BID 98 392095
1781792268244583890 BID 97 886162
1781792268278291294 BID 97 2232809
1781792268280588474 BID 96 1864347
1781792268282531900 BID 96 1007910
1781792268283610663 BID 97 784582
1781792268288897932 BID 97 1846113
1781792268290817613 BID 96 1098381
1781792268314344399 BID 96 275477
1781792268314681983 BID 95 523381
1781792268319545577 ASK 102 1414524
1781792268321017628 ASK 103 784902
1781792268330518491 BID 95 419277
1781792268331006457 BID 96 1047234
1781792268337675263 BID 96 619953
1781792268338380737 BID 95 944791
1781792268355034433 ASK 103 503585
1781792268355647864 ASK 101 1520803
1781792268356937163 BID 95 2241115
1781792268359273987 BID 98 960392
1781792268363738242 ASK 101 6310297
1781792268369600068 BID 98 2929325
1781792268370087412 ASK 103 42632919
1781792268372271670 BID 95 40560702
1781792268412776266 ASK 103 1424232
1781792268414261652 ASK 104 2904429
1781792268418881349 BID 95 1537014
1781792268420465541 BID 97 721794
1781792268432783234 ASK 104 3264575
1781792268436088845 ASK 102 2783267
1781792268436784280 BID 97 46638649
1781792268441009912 ASK 102 42550314
1781792268483453496 BID 94 1979213
1781792268483585193 ASK 105 3574676
1781792268487215854 ASK 105 5193403
1781792268492458078 ASK 97 2935948
1781792268517938074 BID 94 3185927
1781792268517985854 ASK 97 4619065
1781792268519232292 ASK 105 5021641
1781792268521150481 BID 93 43555053
1781792268565271786 BID 93 1981846
1781792268567365812 BID 95 3157671
1781792268569149947 ASK 105 3417717
1781792268572659817 ASK 106 2785454
1781792268577627841 BID 95 582974
1781792268578235030 BID 94 2704804
1781792268581007341 BID 94 3705965
1781792268582859966 BID 92 2104431
1781792268584255637 ASK 106 4591564
1781792268588575321 BID 92 443412
1781792268588883119 ASK 100 1850850
1781792268589145541 BID 97 19357547
1781792268608329382 ASK 100 300494
1781792268608582727 BID 97 1087621
1781792268608664941 ASK 101 1996406
1781792268609703861 BID 92 1991506
1781792268610702665 ASK 101 27229156
1781792268637882258 BID 92 2647682
1781792268638005319 ASK 106 4000710
1781792268640637662 BID 92 5088014
1781792268645690851 ASK 106 38334605
1781792268683886876 BID 92 3266548
1781792268684041747 ASK 100 6046358
1781792268687175205 BID 92 6895391
1781792268691322172 ASK 100 10656685
1781792268701935546 BID 92 4774136
1781792268701998013 ASK 102 6465906
1781792268706779844 BID 94 5129919
1781792268708524753 ASK 102 5732153
1781792268711939549 BID 94 6188063
1781792268714315426 ASK 103 5643301
1781792268718152418 BID 93 3426990
1781792268719988934 ASK 103 3299800
1781792268721722236 BID 93 5417520
1781792268723404942 ASK 104 5240489
1781792268727181385 BID 92 4070223
1781792268728771778 ASK 104 4304938
1781792268731282735 BID 92 5879061
1781792268733110450 ASK 104 44679357
1781792268736246899 BID 90 41778291
1781792268777980305 ASK 104 1860921
1781792268778048292 BID 90 4534717
1781792268778893648 ASK 108 5288241
1781792268782635328 BID 98 4432606
1781792268786991721 ASK 108 3673034
1781792268790572402 BID 98 2589939
1781792268790767478 ASK 106 4650179
1781792268793342499 BID 97 11894349
1781792268805136690 ASK 106 823906
1781792268805262787 BID 97 2119991
1781792268806028984 ASK 110 2672959
1781792268807456918 BID 96 3025902
1781792268808731860 ASK 110 43232945
1781792268851928597 BID 96 2548762
1781792268851978070 ASK 103 3866584
1781792268854540627 BID 95 4563401
1781792268858996146 ASK 103 12586833
1781792268871415084 BID 95 2085743
1781792268872537139 ASK 111 2770517
1781792268873713836 BID 94 4668709
1781792268877901242 ASK 111 6051256
1781792268883908576 BID 94 1869236
1781792268883979359 ASK 105 3044792
1781792268885835340 BID 98 13311102
1781792268899004966 ASK 105 2475530
1781792268899218497 BID 98 3885690
1781792268901568200 ASK 105 3396782
1781792268903168998 BID 94 16077080
1781792268919085006 ASK 105 40885261
1781792268919330317 BID 94 40718288
1781792268960014570 ASK 109 3705761
1781792268960066207 BID 92 8941689
1781792268969070564 BID 92 5686531
1781792268974792281 BID 101 4923418
1781792268979753500 BID 101 4334972
1781792268984122065 BID 100 4724714
1781792268988879290 BID 100 2954811
1781792268991918239 BID 99 2310003
1781792268993944530 ASK 109 2445660
1781792268996439463 ASK 108 733666
1781792269002992594 BID 99 1813322
1781792269004848276 BID 98 1695080
1781792269006726529 BID 98 515687
1781792269007388200 BID 99 540775
1781792269015287993 ASK 108 2412726
1781792269017035631 BID 99 3635355
1781792269017750382 ASK 109 4575539
1781792269020712434 BID 98 3670341
1781792269024434532 BID 98 2126925
1781792269026791158 BID 97 3384759
1781792269030265836 BID 97 3866424
1781792269034230774 BID 96 5869071
1781792269040199442 BID 96 5686277
1781792269045939530 BID 100 2970077
1781792269049340285 BID 100 2218232
1781792269051596909 BID 99 3479296
1781792269055114087 BID 99 1154345
1781792269056320310 BID 98 1866771
1781792269058238718 BID 98 1912678
1781792269060184388 BID 97 1322621
1781792269061541975 BID 97 1376823
1781792269062997336 BID 96 620905
1781792269063649479 BID 96 1062733
1781792269064422960 ASK 109 1041885
1781792269064754352 BID 95 2116902
1781792269065595009 ASK 110 2309973
1781792269066899486 BID 95 1634496
1781792269068594556 BID 94 1630709
1781792269074943216 BID 94 194154
1781792269075164902 BID 95 1830844
1781792269077034679 BID 95 1292244
1781792269078372970 BID 94 467246
1781792269084080367 BID 94 1764760
1781792269085061788 ASK 110 1261897
1781792269085901082 BID 93 1458917
1781792269086503523 ASK 103 1708456
1781792269089654083 ASK 103 397305
1781792269090174119 ASK 104 837101
1781792269091255768 ASK 104 771998
1781792269092090223 ASK 105 1261446
1781792269093397085 ASK 105 950834
1781792269094387924 ASK 106 1366182
1781792269119815110 BID 93 1779328
1781792269119940816 ASK 106 2389242
1781792269121481366 ASK 101 1215711
1781792269121715115 BID 92 14668878
1781792269136248219 ASK 101 12022897
1781792269148157052 BID 92 847402
1781792269148404746 ASK 105 2072871
1781792269149052213 BID 90 6671726
1781792269155693151 ASK 105 14902447
1781792269170546877 BID 90 3971315
1781792269170846760 ASK 105 5488832
1781792269174572654 BID 99 13914058
1781792269188255959 ASK 105 1702705
1781792269188567624 BID 99 1789617
1781792269189488692 BID 93 41510804
1781792269189506475 ASK 108 41580325
1781792269231044931 BID 93 148990
1781792269231105385 ASK 108 2825620
1781792269231945731 BID 91 5401553
1781792269234039589 ASK 109 8052016
1781792269238094561 BID 91 5128056
1781792269242109499 ASK 109 2040247
1781792269243266039 BID 90 1665866
1781792269244186706 ASK 104 1009413
1781792269244965487 BID 90 861125
1781792269245860726 BID 94 1256608
1781792269248445465 ASK 104 628399
1781792269249127184 ASK 101 964790
1781792269261548462 ASK 101 1943250
1781792269263564077 ASK 102 2606440
1781792269266276957 ASK 102 1482717
1781792269267862477 ASK 103 2930770
1781792269270835467 ASK 103 3007413
1781792269273182087 BID 94 3283520
1781792269273937668 ASK 104 5452144
1781792269276543202 BID 98 5745333
1781792269279476946 ASK 104 4267580
1781792269282372302 BID 98 2217160
1781792269283869902 ASK 105 1971007
1781792269284640317 BID 97 2839817
1781792269287517204 BID 97 715503
1781792269288271168 BID 96 1148825
1781792269289451082 BID 96 443331
1781792269289929920 BID 95 609323
1781792269290575411 BID 95 1134488
1781792269291741238 BID 94 554871
1781792269292331305 BID 94 983064
1781792269293340208 BID 93 606969
1781792269294003552 BID 93 1049509
1781792269295078679 BID 92 632637
1781792269295750409 BID 92 534523
1781792269296318134 BID 91 1040452
1781792269297395826 BID 91 731983
1781792269298165660 BID 90 594876
1781792269302725149 BID 90 1028640
1781792269303908528 BID 89 827733
1781792269305421347 BID 89 1149988
1781792269306684427 BID 91 849624
1781792269312145321 BID 91 1668941
1781792269313863565 BID 95 1193058
1781792269315442477 BID 95 410039
1781792269315986708 BID 94 1538506
1781792269317561733 BID 94 1002159
1781792269318613134 BID 93 865905
1781792269319514125 BID 93 1057744
1781792269320611123 BID 92 1227649
1781792269321867094 BID 92 1246278
1781792269323140874 BID 91 1351976
1781792269324778996 BID 91 25020104
1781792269349757873 ASK 105 1856876
1781792269349862870 BID 88 2953734
1781792269351642421 ASK 106 2700756
1781792269352843755 BID 88 9021903
1781792269361756953 ASK 106 743677
1781792269361885314 BID 88 2060656
1781792269362576042 ASK 107 4918805
1781792269367370845 BID 88 8545651
1781792269375869517 ASK 107 603909
1781792269375934299 BID 94 2028581
1781792269376551642 ASK 97 13428737
1781792269389765220 BID 94 2630044
1781792269390022708 ASK 97 4146454
1781792269392307981 ASK 107 3863138
1781792269392454495 BID 99 10164535
1781792269402579345 ASK 107 2434692
1781792269402636693 BID 99 4105301
1781792269403994550 BID 94 4339761
1781792269405062778 ASK 105 4609864
1781792269408401648 BID 94 13993233
1781792269422323768 ASK 105 3199410
1781792269422422533 BID 101 4708130
1781792269425631912 ASK 107 8189403
1781792269433713052 BID 101 26887620
1781792269460483473 ASK 107 2643574
1781792269460684390 BID 91 4185957
1781792269463223908 ASK 108 11898161
1781792269475009178 BID 91 2759905
1781792269475237857 ASK 108 4729270
1781792269477901963 BID 88 3896301
1781792269480021108 ASK 98 3514987
1781792269481884997 BID 88 42990025
1781792269524980951 BID 96 3449441
1781792269525753480 ASK 106 5952066
1781792269532621374 BID 96 2999437
1781792269535655516 BID 95 3746613
1781792269539542122 BID 95 3459646
1781792269543042354 BID 103 5085273
1781792269552626557 ASK 106 2227178
1781792269554002318 BID 103 2321234
1781792269554914379 ASK 107 3262889
1781792269556402981 BID 104 13885918
1781792269570225870 ASK 107 4722931
1781792269574353985 BID 104 2259137
1781792269575002391 ASK 108 3760886
1781792269576759287 BID 103 6515633
1781792269583218034 ASK 108 982493
1781792269583300889 BID 103 2316436
1781792269584274656 ASK 109 2936649
1781792269585740657 BID 102 43959221
1781792269587250088 ASK 109 42577849
1781792269629786589 BID 102 1735501
1781792269629893941 ASK 108 1930797
1781792269631106190 BID 98 10636655
1781792269641706456 ASK 108 4004683
1781792269641755979 BID 98 5298991
1781792269645798593 ASK 109 4268828
1781792269647111145 BID 97 4378426
1781792269650133324 ASK 109 43719562
1781792269651563179 BID 97 42363044
1781792269693888523 ASK 110 159779
1781792269693938436 BID 106 1606181
1781792269698818516 BID 106 3416865
1781792269701607764 BID 97 1680923
1781792269702926889 ASK 110 1946852
1781792269703434531 BID 97 3056083
1781792269704982505 ASK 100 4012996
1781792269706600139 BID 96 5980017
1781792269712264684 ASK 100 4353499
1781792269716576154 BID 96 994003
1781792269716631288 ASK 110 3366393
1781792269717622606 BID 97 3866644
1781792269720127465 ASK 110 3224739
1781792269721597412 BID 97 4532716
1781792269723381980 ASK 111 4167568
1781792269726267616 BID 107 19651045
1781792269745422318 ASK 111 4328237
1781792269745951443 BID 107 5651739
1781792269747917757 BID 97 5161383
1781792269749782045 ASK 110 5779444
1781792269753112132 BID 97 9688449
1781792269762582923 ASK 110 750303
1781792269762862928 BID 95 1973299
1781792269763359365 ASK 111 5170630
1781792269768490741 BID 95 6708074
1781792269775111972 ASK 111 919558
1781792269775305375 BID 95 3674666
1781792269776188855 ASK 110 19051357
1781792269795078790 BID 95 36389400
1781792269831227698 ASK 110 1993540
1781792269831705374 BID 93 2776669
1781792269833292091 ASK 111 9291573
1781792269842439443 BID 93 25786270
1781792269868172473 ASK 111 2136640
1781792269868240591 BID 93 3169708
1781792269870434979 ASK 99 15835254
1781792269886228886 BID 93 4939447
1781792269890955834 ASK 99 2525001
1781792269891245908 BID 91 3519475
1781792269893594599 ASK 111 4143058
1781792269894926936 BID 91 4487481
1781792269897879042 ASK 111 3514302
1781792269899514845 BID 93 3340525
1781792269901539168 ASK 112 2888351
1781792269903986883 BID 93 2868311
1781792269906824025 ASK 112 680236
1781792269906866835 BID 92 1950870
1781792269907618977 ASK 97 7914188
1781792269915463263 BID 92 2454434
1781792269917435312 BID 88 18091376
1781792269935488767 ASK 97 711188
1781792269935540745 BID 88 1965971
1781792269936298800 ASK 98 2417986
1781792269937581446 BID 87 2449956
1781792269938799221 ASK 98 2777701
1781792269940114388 BID 87 2865245
1781792269941703329 ASK 99 2590660
1781792269943048182 BID 86 2642339
1781792269944404827 ASK 99 3282019
1781792269945777925 BID 86 2971945
1781792269947767938 ASK 100 1901958
1781792269948832575 BID 97 1666056
1781792269949767699 ASK 100 3329316
1781792269951404430 BID 97 1784177
1781792269952925243 ASK 106 2338657
1781792269953380878 BID 95 3317994
1781792269956455355 ASK 106 41248672
1781792269956872268 BID 95 40957094
1781792269997790800 ASK 112 2734670
1781792269997916225 BID 95 3900773
1781792270003748316 ASK 112 1453102
1781792270005231344 ASK 113 2653808
1781792270009567252 BID 95 629918
1781792270010223960 BID 104 1312053
1781792270013334646 BID 104 829438
1781792270014195282 BID 103 2726622
1781792270016953754 BID 103 1205625
1781792270018190156 BID 102 2356578
1781792270020573715 BID 102 2452704
1781792270023057958 BID 101 2999966
1781792270025254236 ASK 113 4454626
1781792270028686314 BID 95 3656725
1781792270029740963 ASK 113 14283805
1781792270043934388 BID 95 2555765
1781792270045906307 ASK 113 2494235
1781792270046533304 BID 107 3562818
1781792270048456557 ASK 112 25155721
1781792270073573966 BID 107 1783836
1781792270073706655 ASK 112 2911368
1781792270075468389 BID 106 3443067
1781792270076648511 ASK 113 3884177
1781792270078976068 BID 106 5102091
1781792270084036742 ASK 113 1918139
1781792270084094971 BID 98 2965773
1781792270085991819 ASK 114 5989636
1781792270091946279 BID 98 1913442
1781792270092083837 ASK 114 2846711
1781792270093940313 BID 97 1226332
1781792270094961225 ASK 107 1312194
1781792270095203875 BID 97 6331097
1781792270101501319 ASK 107 1663338
1781792270101614732 BID 93 2996717
1781792270103376715 ASK 113 3498180
1781792270106774136 BID 93 1739247
1781792270106903028 ASK 113 2754993
1781792270108540394 BID 98 1437162
1781792270109688037 ASK 115 7044395
1781792270116687207 BID 98 12593441
1781792270129140365 ASK 115 1660227
1781792270129298942 BID 93 2555507
1781792270130834115 ASK 114 1222493
1781792270131885477 BID 93 4863925
1781792270136525562 ASK 114 1577750
1781792270136869898 BID 95 2367108
1781792270138168855 ASK 110 44541201
1781792270141683478 BID 95 41120284
1781792270182777082 ASK 110 1129484
1781792270182815194 BID 98 2439597
1781792270184035107 ASK 111 2483533
1781792270188351439 BID 98 768051
1781792270189244675 BID 97 1184001
1781792270190453262 BID 97 2290858
1781792270192781540 BID 99 3418949
1781792270196279287 BID 99 2848314
1781792270198765010 ASK 111 2894955
1781792270199256011 BID 98 4651580
1781792270201788616 ASK 109 4786285
1781792270203984135 BID 98 6153504
1781792270210104567 ASK 109 41700066
1781792270210148399 BID 95 41866148
1781792270251910772 ASK 102 1270854
1781792270252041888 BID 95 3449484
1781792270252960842 BID 90 3702809
1781792270253215900 ASK 102 4481380
1781792270256712984 BID 90 2179750
1781792270257740381 ASK 103 3981930
1781792270258982912 BID 91 4063483
1781792270261847496 ASK 103 8849346
1781792270270552872 BID 91 3447734
1781792270270770570 ASK 102 4656717
1781792270274083901 BID 90 1937049
1781792270275538225 ASK 102 1899568
1781792270276091272 BID 90 2746367
1781792270277483989 ASK 103 2761521
1781792270279057376 BID 89 2609610
1781792270280290184 ASK 103 2648449
1781792270281761524 BID 89 2377070
1781792270283041775 ASK 104 2558440
1781792270284191813 BID 96 2914676
1781792270286883029 ASK 104 2863053
1781792270287185667 BID 96 3356519
1781792270289820181 ASK 105 2571023
1781792270290845074 BID 95 42895368
1781792270292511921 ASK 105 41396616
1781792270333845889 BID 95 2031026
1781792270333933253 ASK 110 4176290
1781792270335963758 BID 94 4790231
1781792270338143046 ASK 110 3686962
1781792270340793403 BID 94 3187419
1781792270341889189 ASK 111 4253965
1781792270344079547 BID 93 3411331
1781792270346175905 ASK 111 2494936
1781792270347561901 BID 93 3224589
1781792270348699916 ASK 108 3224431
1781792270350814914 BID 92 3160017
1781792270352006431 ASK 108 4191966
1781792270353998596 BID 92 4498232
1781792270356224807 ASK 109 42452356
1781792270357864933 BID 87 40872963
1781792270398710305 ASK 109 2053547
1781792270398794202 BID 87 3431507
1781792270400815047 ASK 103 4028335
1781792270402246338 BID 89 5037604
1781792270408913454 ASK 103 1558249
1781792270410521987 ASK 92 2336292
1781792270415324096 BID 89 1169184
1781792270415529902 ASK 92 2440658
1781792270416286401 ASK 104 2772781
1781792270416565414 BID 100 12902540
1781792270429425785 ASK 104 2542209
1781792270429485447 BID 100 4298654
1781792270431998502 ASK 111 3177881
1781792270433813787 BID 102 2968282
1781792270436024102 ASK 111 7116556
1781792270443097166 BID 102 616317
1781792270443159954 ASK 111 1924647
1781792270443772373 BID 101 4624401
1781792270448358342 ASK 111 42363012
1781792270448410150 BID 101 42364795
1781792270490745820 ASK 100 196528
1781792270491648393 BID 89 1699473
1781792270496103420 BID 89 1586301
1781792270497771324 BID 88 5666626
1781792270504730365 ASK 100 4088805
1781792270508940087 ASK 101 2881776
1781792270535743577 BID 88 291907
1781792270535819559 ASK 101 1651881
1781792270536142097 BID 98 1567912
1781792270537086168 ASK 108 5432957
1781792270542485452 BID 98 40208385
1781792270582757266 BID 94 204079
1781792270590005221 BID 94 1756402
1781792270590034496 ASK 108 5357473
1781792270591789215 BID 102 4935414
1781792270594862545 ASK 111 3000705
1781792270596745778 BID 102 3487187
1781792270597914857 ASK 111 2346561
1781792270600164186 BID 94 1763153
1781792270600280634 ASK 112 10506285
1781792270610749268 BID 94 527350
1781792270610803019 ASK 112 1608723
1781792270611301234 BID 98 2358759
1781792270612497733 ASK 113 4204723
1781792270616508883 BID 98 1681875
1781792270616850654 ASK 113 2454585
1781792270618257844 BID 111 1620830
1781792270619331418 ASK 114 5286627
1781792270624567190 BID 111 18384489
1781792270642760010 ASK 114 930755
1781792270642984050 BID 94 1768207
1781792270643718488 ASK 99 17926907
1781792270661609847 BID 94 32005935
1781792270693575406 ASK 99 609063
1781792270693634186 BID 92 1734345
1781792270694267836 ASK 100 18065822
1781792270712208363 BID 92 42475174
1781792270712360759 ASK 100 42386117
1781792270754717200 BID 91 109946
1781792270754766793 ASK 94 1834876
1781792270763112910 BID 91 2190209
1781792270765365466 BID 90 2523638
1781792270767282282 ASK 94 2922597
1781792270770280581 ASK 95 4134486
1781792270773067880 BID 90 14252157
1781792270787134158 ASK 95 2414698
1781792270787488623 BID 91 2994115
1781792270789581277 ASK 94 1437156
1781792270790519317 BID 91 9182397
1781792270799452947 ASK 94 1940699
1781792270799728765 BID 88 3575072
1781792270801423052 ASK 93 2458740
1781792270803376954 BID 88 12104634
1781792270815448165 ASK 93 890957
1781792270815496897 BID 86 2024293
1781792270816478233 ASK 94 2713062
1781792270818327405 BID 86 16885799
1781792270835176515 ASK 94 2060626
1781792270835231518 BID 86 2952750
1781792270837261677 ASK 95 23482965
1781792270860620189 BID 86 8416098
1781792270868986884 ASK 95 709126
1781792270869053890 BID 91 2061712
1781792270869819853 ASK 97 5414506
1781792270875126016 BID 91 3407443
1781792270878500367 ASK 97 2829037
1781792270878557193 BID 89 3849422
1781792270881367926 ASK 98 2410412
1781792270882437352 BID 89 2563664
1781792270883809276 ASK 98 2732987
1781792270885026223 BID 95 2667013
1781792270886691974 ASK 99 3857580
1781792270890514008 BID 95 735896
1781792270890567268 ASK 99 2064503
1781792270891280451 BID 94 2548303
1781792270892726278 ASK 100 2357924
1781792270893870132 BID 94 2409241
1781792270895144826 ASK 100 2460505
1781792270896353703 BID 93 2540697
1781792270897673218 ASK 101 42385573
1781792270939944527 BID 93 5087533
1781792270940297539 ASK 101 7979690
1781792270941294690 BID 87 47678995
1781792270941445613 ASK 103 47982314
1781792270989176445 BID 87 421581
1781792270989570254 ASK 103 1490296
1781792270990404619 BID 91 2005763
1781792270991180254 ASK 96 2551176
1781792270997040408 ASK 96 569007
1781792270997775878 ASK 97 1088772
1781792270998950792 ASK 97 1171307
1781792271000146334 ASK 98 2319609
1781792271002487804 ASK 98 2936842
1781792271004365960 BID 91 2348986
1781792271005457958 ASK 99 2462778
1781792271006771011 BID 87 2499249
1781792271007949971 ASK 99 14316435
1781792271022173412 BID 87 1846863
1781792271022287586 ASK 103 2938101
1781792271024053538 BID 91 2988075
1781792271026907522 ASK 103 1924593
1781792271027064136 BID 91 2854925
1781792271028900614 ASK 97 1388572
1781792271030002287 BID 89 40892224
1781792271070951578 BID 89 162565
1781792271072038380 BID 87 1671494
1781792271085418092 BID 87 2234167
1781792271087450120 ASK 97 1203617
1781792271087708445 BID 90 2213224
1781792271088687751 ASK 98 3654027
1781792271098965277 BID 90 2552203
1781792271100191682 ASK 98 2327036
1781792271101564098 BID 93 3289210
1781792271102541140 ASK 100 3191448
1781792271104875770 BID 93 41912929
1781792271105764738 ASK 100 41112778
1781792271146830808 BID 90 1474226
1781792271146901431 ASK 103 3493608
1781792271150452437 ASK 103 1026902
1781792271151538209 ASK 97 1131006
1781792271155609921 ASK 97 1741567
1781792271157411381 ASK 98 1288483
1781792271158735772 ASK 98 1448140
1781792271160208529 ASK 99 2900361
1781792271163138576 ASK 99 2430280
1781792271165132516 BID 90 2138372
1781792271165718255 ASK 98 4474048
1781792271167378901 BID 89 5809814
1781792271173259688 BID 89 3165864
1781792271176630106 BID 88 3056945
1781792271178604109 ASK 103 5996529
1781792271184346001 BID 88 14086816
1781792271198395888 ASK 103 1429357
1781792271198446323 BID 96 1977334
1781792271199985816 ASK 104 2094684
1781792271202022982 BID 96 20724927
1781792271222697064 ASK 104 382928
1781792271222763549 BID 95 1160647
1781792271223142229 ASK 105 34825323
1781792271257429283 BID 95 1154916
1781792271258063863 ASK 105 1595022
1781792271258620127 BID 94 1938877
1781792271259695364 ASK 106 42077587
1781792271261299063 BID 94 40608271
1781792271301808338 ASK 106 1995142
1781792271301922983 BID 105 3230560
1781792271303025351 ASK 108 7421762
1781792271310274700 BID 105 39820855
1781792271349947868 ASK 108 1129268
1781792271350502348 BID 92 2463501
1781792271351113965 ASK 108 33070880
1781792271383506092 BID 92 792056
1781792271384204422 ASK 108 299952
1781792271384308958 BID 97 2315745
1781792271384540472 ASK 109 3144539
1781792271386923824 BID 97 1553734
1781792271387783035 ASK 109 1936794
1781792271388710144 BID 96 1636320
1781792271389776886 ASK 110 722986
1781792271390364739 BID 96 2888488
1781792271393092826 ASK 110 1741267
1781792271393570422 BID 92 2180721
1781792271394875070 ASK 102 21422096
1781792271416262562 BID 92 512711
1781792271416334727 ASK 102 1366443
1781792271417013781 BID 98 1648903
1781792271417318603 ASK 106 12150073
1781792271429409354 BID 98 22107011
1781792271451384378 ASK 106 2783924
1781792271451542805 BID 97 3997992
1781792271454205382 ASK 107 4848897
1781792271458916580 BID 97 13888515
1781792271472768116 ASK 107 1957903
1781792271472822338 BID 91 3305074
1781792271474771494 ASK 108 6852085
1781792271481569878 BID 91 2005708
1781792271481813916 ASK 108 3018602
1781792271483606834 BID 90 2596340
1781792271484896188 ASK 99 5786325
1781792271490466879 BID 90 2806683
1781792271490711327 ASK 99 3638706
1781792271493347000 BID 89 2637269
1781792271494370943 ASK 109 2667794
1781792271496070581 BID 89 7248599
1781792271503217188 ASK 109 1666907
1781792271503321624 BID 88 2953541
1781792271505063211 ASK 106 6327951
1781792271511348852 BID 88 1304125
1781792271511403876 ASK 106 2246983
1781792271512816875 BID 88 1184052
1781792271513695733 ASK 105 2905340
1781792271515954260 BID 88 2829620
1781792271518748674 ASK 105 1333973
1781792271518796945 BID 92 1996135
1781792271520268676 ASK 104 7133372
1781792271527330153 BID 92 1674742
1781792271527419380 ASK 104 2832404
1781792271529362265 BID 94 3361978
1781792271530408699 ASK 105 11681915
1781792271542052492 BID 94 1791281
1781792271542107996 ASK 105 2408609
1781792271543756809 ASK 110 1151691
1781792271543893967 BID 105 21135290
1781792271564991556 ASK 110 582252
1781792271565117142 BID 105 1564484
1781792271565599066 ASK 111 2356840
1781792271566752399 BID 103 2011363
1781792271567987035 ASK 111 1959216
1781792271568939732 BID 103 2100300
1781792271569974103 ASK 112 2138822
1781792271571070239 BID 102 6138997
1781792271576923189 ASK 112 1362828
1781792271577328450 BID 102 2266071
1781792271578339076 ASK 113 2619023
1781792271579618286 BID 101 5489739
1781792271584885497 ASK 113 1807299
1781792271585413979 BID 101 2601268
1781792271586744102 ASK 114 2758525
1781792271588356367 BID 100 3970001
1781792271591877154 ASK 114 2620015
1781792271593579278 BID 100 2139093
1781792271594709628 ASK 114 2267894
1781792271595806866 BID 99 5607810
1781792271601380252 ASK 114 3794168
1781792271601426899 BID 99 5604164
1781792271603060274 BID 94 5998873
1781792271605209736 ASK 113 4801086
1781792271609461802 BID 94 8946985
1781792271618239710 ASK 113 3060050
1781792271618530686 BID 87 3732813
1781792271621362538 ASK 113 1449730
1781792271622336876 BID 87 8702872
1781792271631000344 ASK 113 1620459
1781792271631053834 BID 91 2430980
1781792271632707606 ASK 109 25755834
1781792271658383780 BID 91 1322601
1781792271658482245 ASK 109 2157807
1781792271659895245 BID 90 1670514
1781792271660736804 ASK 93 1729295
1781792271661590365 BID 90 4691021
1781792271666191357 ASK 93 490881
1781792271666396061 BID 89 1259117
1781792271666822666 ASK 94 26417754
1781792271693099385 BID 89 2572697
1781792271693287418 ASK 94 3684658
1781792271695055179 ASK 104 4097703
1781792271695722026 BID 92 6260790
1781792271701884812 ASK 104 5140990
1781792271706935823 BID 92 43350545
1781792271707051991 ASK 96 43520854
1781792271750367861 BID 88 2423506
1781792271750631315 ASK 96 4989059
1781792271755932029 ASK 94 3003332
1781792271757784183 BID 88 2350317
1781792271760197589 BID 87 1092790
1781792271768122799 ASK 94 22328809
1781792271790409719 BID 87 634430
1781792271790589977 ASK 97 1211212
1781792271791232482 BID 89 17656172
1781792271808756596 ASK 97 2051409
1781792271809000584 BID 89 3089110
1781792271810919384 ASK 98 4302937
1781792271812206363 BID 88 13096178
1781792271825261825 ASK 98 710828
1781792271825379345 BID 88 1777806
1781792271826063032 ASK 99 2123449
1781792271827184302 BID 87 2891103
1781792271830039306 ASK 99 30906365
1781792271860800880 BID 87 684905
1781792271861027625 ASK 103 1718169
1781792271861552740 BID 94 4737988
1781792271866237589 ASK 103 23102054
1781792271889300930 BID 94 3205840
1781792271889357527 ASK 100 3978869
1781792271892540684 BID 97 2176072
1781792271893420203 ASK 100 4648341
1781792271898032777 BID 97 40913550
1781792271898210160 ASK 103 40948997
1781792271939118029 BID 93 4912534
1781792271946360142 BID 93 2167341
1781792271948552470 BID 100 2411360
1781792271950350464 ASK 103 3188402
1781792271953572628 ASK 104 3268367
1781792271955966695 BID 100 2055671
1781792271956935532 ASK 104 2417315
1781792271958084323 BID 98 2350178
1781792271959411858 ASK 105 10981213
1781792271970351844 BID 98 2587236
1781792271970463403 ASK 105 4180865
1781792271972970699 BID 100 4596483
1781792271974689513 ASK 104 17934405
1781792271992496449 BID 100 1985400
1781792271992669334 ASK 104 3096865
1781792271994500845 BID 99 2474747
1781792271995796565 ASK 106 2502580
1781792271997005308 BID 99 4212112
1781792272001181383 ASK 106 852834
1781792272001236556 BID 93 2063827
1781792272002079302 ASK 104 11387093
1781792272013433403 BID 93 2328838
1781792272013524714 ASK 104 3800410
1781792272015782870 BID 99 3011546
1781792272017352435 ASK 105 10678442
1781792272027999098 BID 99 1415120
1781792272028043140 ASK 105 2356462
1781792272029439786 BID 98 2150970
1781792272030440408 ASK 106 2477993
1781792272031672519 BID 98 2471487
1781792272032992199 ASK 106 2456556
1781792272034202155 BID 97 2569973
1781792272035489692 ASK 107 2543101
1781792272036845936 BID 97 3153278
1781792272038203133 ASK 107 4324906
1781792272040073684 BID 101 3838722
1781792272042626122 ASK 108 2633411
1781792272043994089 BID 101 10088952
1781792272053982994 ASK 108 512852
1781792272054211713 BID 93 1859824
1781792272054578591 ASK 107 8527477
1781792272062998577 BID 93 1715679
1781792272063170179 ASK 107 2765989
1781792272064794687 BID 93 3606055
1781792272065968288 ASK 108 7700191
1781792272073593108 BID 93 1708639
1781792272073684850 ASK 108 2653217
1781792272075331283 BID 92 2274482
1781792272076363013 ASK 107 2321105
1781792272077722318 BID 92 16738638
1781792272094359856 ASK 107 1589316
1781792272094507763 BID 101 2503462
1781792272095976554 ASK 105 2345881
1781792272097820823 BID 101 8376509
1781792272106154071 ASK 105 1799961
1781792272106215977 BID 99 2731695
1781792272107986493 ASK 104 2204746
1781792272109005560 BID 99 2264238
1781792272110256151 ASK 104 2507790
1781792272111307669 BID 98 2589052
1781792272112809868 ASK 105 2244060
1781792272113953738 BID 98 9500379
1781792272123420554 ASK 105 1715906
1781792272123468794 BID 93 2845678
1781792272125170224 ASK 106 2569072
1781792272126341563 BID 93 2626447
1781792272127774542 ASK 106 2524846
1781792272129007975 BID 92 2456519
1781792272130324205 ASK 107 40693015
1781792272170915159 BID 92 4508854
1781792272171085809 ASK 107 6043137
1781792272172678482 ASK 109 45683217
1781792272175500556 BID 94 42982561
1781792272218405211 ASK 109 1697539
1781792272218529594 BID 94 3952490
1781792272219407140 BID 94 4163306
1781792272220141703 ASK 98 9168891
1781792272229173347 BID 94 33133108
1781792272262122641 ASK 98 3360785
1781792272262337694 BID 95 44361629
1781792272265368600 ASK 101 41428778
1781792272306732365 BID 95 2068821
1781792272306897976 ASK 101 3024133
1781792272308775779 BID 94 2314200
1781792272309957646 ASK 103 18413919
1781792272328313446 BID 94 4959835
1781792272333239458 ASK 103 1623157
1781792272333291105 BID 90 2760371
1781792272334910245 ASK 104 29088061
1781792272363945096 BID 90 1450271
1781792272364018294 ASK 104 2218271
1781792272365425774 BID 89 2184398
1781792272366261362 ASK 103 2313229
1781792272367681205 BID 89 1207816
1781792272368602213 ASK 103 1473844
1781792272368915311 BID 90 2705536
1781792272370110131 ASK 104 4691702
1781792272374724348 BID 90 4114940
1781792272378798291 ASK 104 2434968
1781792272378855498 BID 90 3483074
1781792272381260951 ASK 105 3028751
1781792272382375391 BID 90 10738245
1781792272392991497 ASK 105 2057741
1781792272393173298 BID 90 3273611
1781792272395133435 ASK 100 3891891
1781792272398713711 BID 90 3379060
1781792272399199412 ASK 100 7634713
1781792272402148555 BID 89 7762357
1781792272406940014 ASK 101 7010642
1781792272413764496 BID 89 41260685
1781792272414059059 ASK 101 41030333
1781792272455060658 BID 99 161788
1781792272455103749 ASK 103 1591361
1781792272460903670 BID 99 2513546
1781792272463486315 BID 98 2050727
1781792272465574532 BID 98 1139814
1781792272466778095 BID 99 2926821
1781792272471627838 BID 99 1670770
1781792272473336198 BID 98 2870696
1781792272476270253 BID 98 2216518
1781792272478584985 BID 97 2392718
1781792272481058054 BID 97 1899056
1781792272483015409 BID 97 2290915
1781792272491122590 BID 97 16227964
1781792272507307914 ASK 103 508564
1781792272507369289 BID 94 1322802
1781792272507887371 ASK 98 15893677
1781792272523464454 BID 94 1756224
1781792272523811044 ASK 98 2273885
1781792272525261425 BID 93 1164775
1781792272526374974 ASK 103 941486
1781792272526455294 BID 93 3776365
1781792272530195210 ASK 103 2616609
1781792272530246567 BID 91 3666357
1781792272532939659 ASK 103 2303111
1781792272534857988 BID 91 2302809
1781792272536726032 ASK 103 2312299
1781792272537269932 BID 92 2687502
1781792272539111126 ASK 104 1980055
1781792272540214516 BID 92 1935592
1781792272541161052 ASK 104 1993620
1781792272542250947 BID 100 1900265
1781792272543190620 ASK 105 1926053
1781792272544220401 BID 100 2061538
1781792272545201231 ASK 105 1947043
1781792272546308008 BID 99 1842887
1781792272547270113 ASK 106 2002918
1781792272548329680 BID 99 15382447
1781792272563457639 ASK 106 807064
1781792272564013472 BID 95 1812420
1781792272564402462 ASK 100 11904020
1781792272575919135 BID 95 2418209
1781792272576335727 ASK 100 2846181
1781792272576902430 ASK 106 42993166
1781792272578375435 BID 97 41579302
1781792272619926374 ASK 106 1447787
1781792272619969635 BID 97 3269714
1781792272620568558 BID 94 3590284
1781792272621537226 ASK 102 9258419
1781792272630607471 BID 94 26738846
1781792272657296203 ASK 102 41505694
1781792272657376353 BID 96 41650586
1781792272698892376 ASK 107 1604901
1781792272699042578 BID 96 3852290
1781792272700030832 BID 97 4684562
1781792272704678404 ASK 107 5593544
1781792272710194292 BID 97 1524823
1781792272710326380 ASK 101 2515932
1781792272711803243 BID 96 4864445
1781792272716524299 ASK 101 1777044
1781792272716683959 BID 96 2577816
1781792272717925799 BID 93 41758739
1781792272718360113 ASK 102 41457444
1781792272759748608 BID 93 1590894
1781792272759836633 ASK 102 4237325
1781792272760974267 ASK 110 4069695
1781792272761398182 BID 93 36629817
1781792272797871315 ASK 110 1599340
1781792272798173192 BID 93 2256022
1781792272799509568 ASK 110 1258161
1781792272800612087 BID 94 3258112
1781792272803765844 ASK 110 1681173
1781792272803942475 BID 94 2552929
1781792272805524022 ASK 111 2666352
1781792272806551740 BID 93 15001452
1781792272821391970 ASK 111 3654665
1781792272824938402 BID 93 526598
1781792272825131795 ASK 110 1352958
1781792272825504714 BID 99 4695584
1781792272830168178 ASK 110 42546272
1781792272832509249 BID 99 40418481
1781792272872777358 ASK 106 1952352
1781792272873020754 BID 99 3804377
1781792272881647345 BID 99 4083192
1781792272883416895 ASK 106 2430161
1781792272885762808 BID 102 1646166
1781792272885876592 ASK 111 16576666
1781792272902399246 BID 102 4056142
1781792272906325083 ASK 111 627908
1781792272906652618 BID 99 1596883
1781792272906980894 ASK 105 5522646
1781792272912464567 BID 99 10325855
1781792272922738485 ASK 105 453130
1781792272922845235 BID 96 1288082
1781792272923217694 ASK 100 29570634
1781792272952566212 BID 96 2264398
1781792272952869901 ASK 100 3230030
1781792272954621517 ASK 104 42339708
1781792272954911411 BID 94 42135545
1781792272997001541 ASK 104 1187929
1781792272997068026 BID 94 2994267
1781792272998347426 ASK 105 3984735
1781792273000091869 BID 93 4757925
1781792273003635747 ASK 105 2256232
1781792273004876064 BID 93 2160423
1781792273005925542 ASK 106 3068487
1781792273007179935 BID 92 4074775
1781792273009083347 ASK 106 4176765
1781792273011410422 BID 92 4013499
1781792273013387702 ASK 107 4106983
1781792273015456292 BID 91 4495674
1781792273017523367 ASK 107 4382394
1781792273020069647 BID 91 3881532
1781792273021995389 ASK 108 3074335
1781792273023979541 BID 106 2141428
1781792273025187004 ASK 108 1994475
1781792273027258213 ASK 109 2158108
1781792273031127721 BID 106 584848
1781792273031744369 BID 105 1863355
1781792273033632711 BID 105 4824540
1781792273038407748 ASK 109 3259165
1781792273041526499 BID 98 1538587
1781792273041787719 ASK 104 5165651
1781792273046917142 BID 98 1304327
1781792273046965914 ASK 104 2321294
1781792273047897532 ASK 109 2342374
1781792273048270661 BID 105 15614713
1781792273063847333 ASK 109 546395
1781792273063898920 BID 105 1551901
1781792273064420408 ASK 102 3276927
1781792273065022077 BID 98 3654566
1781792273067726580 ASK 102 2879212
1781792273068772122 BID 98 2719952
1781792273070798874 ASK 103 1466140
1781792273071610507 BID 97 1461261
1781792273072362988 ASK 103 1538245
1781792273073101063 BID 97 1776102
1781792273073980142 ASK 104 1971759
1781792273074918823 BID 96 2237387
1781792273075995823 ASK 104 2506823
1781792273077197768 BID 96 2246374
1781792273078554203 ASK 105 3680775
1781792273079507771 BID 95 3754444
1781792273082261247 ASK 105 43510937
1781792273125745504 BID 95 1467893
1781792273125785168 ASK 106 3949219
1781792273126647246 BID 92 4302842
1781792273130305238 ASK 106 17752183
1781792273147938117 BID 92 3676086
1781792273148078581 ASK 107 5384732
1781792273151739458 BID 91 4357785
1781792273153913106 ASK 107 25916270
1781792273179580378 BID 91 1359981
1781792273180076509 ASK 109 2220265
1781792273181102013 BID 91 11319706
1781792273192080539 ASK 109 17001515
1781792273208897016 BID 91 1444651
1781792273209434846 ASK 106 2252145
1781792273210402912 BID 92 4177787
1781792273214302617 ASK 106 1456413
1781792273214722004 BID 92 2471707
1781792273215829021 ASK 107 3076952
1781792273217258723 BID 91 3144358
1781792273219012954 ASK 107 4275240
1781792273223206801 BID 91 2097996
1781792273223414301 ASK 106 3357038
1781792273225375440 BID 91 3734245
1781792273228923075 ASK 106 1820104
1781792273229280355 BID 91 2719251
1781792273230850651 ASK 107 3095417
1781792273232037467 BID 102 3122057
1781792273234219060 ASK 107 3286184
1781792273235750513 BID 90 3828943
1781792273237579824 ASK 108 41149857
1781792273278668276 BID 90 42125598
1781792273278757333 ASK 108 42135566
1781792273320866259 BID 87 1680262
1781792273320917315 ASK 102 2886394
1781792273322587608 BID 87 3574035
1781792273326188473 BID 97 2186943
1781792273352324083 BID 97 1212134
1781792273353617750 BID 96 2108454
1781792273355877036 BID 96 2690467
1781792273358675105 BID 95 2215827
1781792273360967245 BID 95 2949857
1781792273363991201 BID 94 1530741
1781792273364837919 ASK 102 3831198
1781792273365552800 BID 94 4657037
1781792273368060365 ASK 105 3590276
1781792273370262035 BID 90 4222990
1781792273374146590 ASK 105 2839308
1781792273374727710 BID 90 3551114
1781792273377017167 ASK 102 3788086
1781792273378318258 BID 99 23753832
1781792273402033468 ASK 102 589045
1781792273402090354 BID 99 1420856
1781792273402739392 ASK 105 1852004
1781792273403541857 BID 95 40626036
1781792273444131495 ASK 105 2040548
1781792273444423042 BID 95 3100136
1781792273445583889 BID 102 3896946
1781792273446202440 ASK 107 5201077
1781792273451367129 BID 102 3368329
1781792273454696875 ASK 107 620955
1781792273454934571 BID 91 1483102
1781792273455633031 ASK 108 5700896
1781792273461113333 BID 91 2568368
1781792273462711862 ASK 108 2752954
1781792273463713110 BID 100 3272990
1781792273465495804 ASK 109 4658328
1781792273468968336 BID 100 7816666
1781792273476547297 ASK 109 2941949
1781792273476809789 BID 98 4393301
1781792273479539990 ASK 107 11634763
1781792273491096366 BID 98 11661419
1781792273502702501 ASK 107 1203480
1781792273502829930 BID 96 2278787
1781792273503974930 ASK 108 29966408
1781792273533902896 BID 96 1886429
1781792273533958590 ASK 108 3878165
1781792273535821305 BID 95 2637738
1781792273537854699 ASK 109 4234163
1781792273538518314 BID 95 8108151
1781792273541141325 BID 93 5609373
1781792273546575780 ASK 109 3637023
1781792273546858300 BID 93 5213370
1781792273550232319 ASK 107 3808675
1781792273552108168 BID 93 3380973
1781792273554074898 ASK 107 7255842
1781792273561187160 BID 93 3586639
1781792273561499116 ASK 112 4454617
1781792273564802944 BID 92 2451939
1781792273565986093 ASK 112 2719291
1781792273567338700 BID 92 3705071
1781792273568745429 ASK 98 3538388
1781792273571072295 BID 93 2779840
1781792273572317711 ASK 98 4686693
1781792273575201847 BID 93 42489883
1781792273576968667 ASK 113 40811549
1781792273617748357 BID 98 1226321
1781792273617882789 ASK 113 3706885
1781792273621018151 BID 98 3405529
1781792273621631382 ASK 104 6282286
1781792273624454528 BID 97 7117161
1781792273627996202 ASK 104 5798358
1781792273631076150 ASK 113 3770474
1781792273631600443 BID 97 16308811
1781792273647872395 ASK 113 1638714
1781792273647928180 BID 97 2562387
1781792273649541676 ASK 107 2149883
1781792273651199687 BID 97 1807110
1781792273651736193 ASK 107 2673881
1781792273653151980 BID 96 2357683
1781792273654470348 ASK 104 2443614
1781792273655532475 BID 96 11064262
1781792273666528679 ASK 104 609033
1781792273666617997 BID 93 1710885
1781792273667172237 ASK 105 20042364
1781792273687182411 BID 93 551700
1781792273687263232 ASK 105 1607581
1781792273687801928 BID 95 1156249
1781792273688357049 ASK 109 7583829
1781792273695857131 BID 95 6181432
1781792273701950617 ASK 109 1943340
1781792273702090630 BID 100 3013316
1781792273703918433 ASK 110 3588669
1781792273705134724 BID 100 3625964
1781792273707551605 ASK 110 2731925
1781792273708813026 BID 105 2737691
1781792273710311112 ASK 111 3066728
1781792273712467321 BID 105 11264322
1781792273723621736 ASK 111 1784859
1781792273723758162 BID 97 2669288
1781792273725515629 ASK 112 42412004
1781792273767881707 BID 97 2563184
1781792273767949374 ASK 112 5227918
1781792273768672400 BID 88 5808107
1781792273773204894 ASK 100 2853673
1781792273774507969 BID 88 13957554
1781792273788343464 ASK 100 741171
1781792273788627366 BID 89 1419193
1781792273789146961 ASK 101 10147076
1781792273799229657 BID 89 2003288
1781792273799315918 ASK 101 2691830
1781792273801261318 BID 86 3044902
1781792273802113066 ASK 92 27804300
1781792273829583189 BID 86 1450190
1781792273829940109 ASK 92 1962170
1781792273830586321 ASK 93 2447952
1781792273831322973 BID 85 9943292
1781792273841228725 ASK 93 23617888
1781792273864764639 BID 85 1438889
1781792273864959745 ASK 96 2300746
1781792273866248743 BID 91 9926241
1781792273875959671 ASK 96 2516191
1781792273876256297 BID 91 2436291
1781792273878141654 BID 85 41828960
1781792273878499536 ASK 93 41533335
1781792273920002454 BID 85 131246
1781792273920045214 ASK 93 1226220
1781792273920809828 BID 93 1628275
1781792273920852328 ASK 99 6631831
1781792273927445657 BID 93 1519020
1781792273927539934 ASK 99 2589348
1781792273929005113 BID 92 2272954
1781792273930242084 ASK 102 1961870
1781792273931305168 BID 92 11030512
1781792273942272963 ASK 102 2439888
1781792273942636785 BID 88 3025887
1781792273944788842 ASK 93 4714275
1781792273949467941 BID 88 4910859
1781792273954255308 ASK 93 1719170
1781792273954446327 BID 85 42223971
1781792273955556564 ASK 102 41241543
1781792273996765206 BID 85 2336349
1781792273996809919 ASK 102 5346293
1781792273997630309 ASK 104 5500732
1781792273999204186 BID 86 5144439
1781792274003176376 ASK 104 2332506
1781792274004495651 BID 86 2374126
1781792274005558805 ASK 98 2661636
1781792274006917287 BID 89 5870021
1781792274012699043 ASK 98 1722429
1781792274012875614 BID 89 2564158
1781792274014800813 ASK 99 2022204
1781792274015555299 BID 88 2375457
1781792274016847563 ASK 99 1323044
1781792274017995088 BID 88 764073
1781792274018208688 ASK 100 1082071
1781792274018800259 BID 87 1210160
1781792274019310316 ASK 100 1190664
1781792274020145702 BID 87 1206634
1781792274020594554 ASK 101 1345655
1781792274021389325 BID 86 1382058
1781792274021978591 ASK 101 9181734
1781792274031040686 BID 86 468525
1781792274031300098 ASK 103 1534628
1781792274031562920 BID 96 4192305
1781792274035578293 ASK 103 41106329
1781792274076721872 ASK 101 397892
1781792274080031176 ASK 101 1811509
1781792274081875836 ASK 102 2285037
1781792274083577164 BID 96 3370487
1781792274084231104 ASK 102 5739002
1781792274087008034 BID 95 5818200
1781792274090029597 ASK 103 5235553
1781792274092905613 BID 95 4935700
1781792274095315785 ASK 103 3510149
1781792274096283380 BID 89 3773393
1781792274098916755 ASK 104 15771126
1781792274114563939 BID 89 610725
1781792274114786907 ASK 104 1615691
1781792274115214008 BID 88 2199887
1781792274116493268 ASK 94 3828503
1781792274120209861 BID 88 3357628
1781792274123403011 ASK 94 1931459
1781792274123609718 BID 91 2819198
1781792274125364726 ASK 95 5667776
1781792274130850129 BID 91 2213415
1781792274131087204 ASK 95 3033914
1781792274131793572 ASK 102 4242168
1781792274133092198 BID 94 3987451
1781792274136375468 ASK 102 3551322
1781792274137343744 BID 94 2692231
1781792274139454855 BID 91 41467101
1781792274139994076 ASK 104 40978155
1781792274180944920 BID 91 2031971
1781792274180985766 ASK 104 5408958
1781792274183092779 BID 90 4896716
1781792274186481797 ASK 102 4539445
1781792274188125140 BID 90 5688331
1781792274193293425 ASK 102 3566118
1781792274193847835 BID 94 6406158
1781792274196941827 ASK 103 6678100
1781792274200336412 BID 94 4809147
1781792274203687424 ASK 103 4262666
1781792274205227523 BID 93 4282814
1781792274207981549 ASK 102 3474668
1781792274209592751 BID 93 5278824
1781792274214938040 BID 92 2697079
1781792274217762288 BID 92 3220910
1781792274221064791 BID 91 2982387
1781792274224191068 BID 91 1723273
1781792274225987177 BID 90 1536312
1781792274229954009 ASK 102 3447608
1781792274233442754 ASK 98 1058326
1781792274234579196 ASK 98 1356023
1781792274236009809 ASK 99 2969171
1781792274238444877 BID 90 3261769
1781792274240109821 ASK 102 3628417
1781792274241771087 BID 90 5044114
1781792274249554796 ASK 102 3110760
1781792274252705150 ASK 98 3367558
1781792274253489302 BID 90 4263047
1781792274256141367 ASK 98 3260434
1781792274257846516 BID 89 4791343
1781792274259476822 ASK 99 5591822
1781792274265106165 ASK 99 6982840
1781792274272055572 BID 89 1255295
1781792274272102089 ASK 107 2663356
1781792274273427766 BID 93 8516787
1781792274281903817 ASK 107 33153926
1781792274314970650 BID 93 2330211
1781792274315079815 ASK 105 3615371
1781792274317398494 BID 99 3724115
1781792274318755029 ASK 105 8697365
1781792274327400246 BID 99 783146
1781792274327471029 ASK 105 2523893
1781792274328282257 BID 98 8759326
1781792274337008051 ASK 105 515346
1781792274337053696 BID 98 1766514
1781792274337549607 ASK 104 2693162
1781792274338861768 BID 97 18091160
1781792274356888057 ASK 104 1151501
1781792274356981051 BID 97 2175792
1781792274358092250 ASK 102 1317547
1781792274358937521 BID 93 5219903
1781792274363993536 ASK 102 3543499
1781792274367462174 BID 93 2052711
1781792274367552854 ASK 104 3860772
1781792274369546474 BID 92 3551423
1781792274371450285 ASK 104 3241087
1781792274373169541 BID 92 3242352
1781792274374786049 ASK 105 3526360
1781792274376451788 BID 93 3885986
1781792274378345731 ASK 105 9348228
1781792274387514743 BID 93 2772802
1781792274387728204 ASK 107 4098790
1781792274390317381 BID 92 13640980
1781792274403807779 ASK 107 1034420
1781792274403983909 BID 92 2458172
1781792274404867847 ASK 108 4478903
1781792274406502594 BID 94 22474372
1781792274428896896 ASK 108 769624
1781792274428995060 BID 94 2225695
1781792274429746149 ASK 97 2688852
1781792274431284094 BID 93 7060165
1781792274438211400 ASK 97 2005151
1781792274438390616 BID 93 3019555
1781792274440288296 ASK 105 2536579
1781792274441451629 BID 90 2849715
1781792274442924031 ASK 105 11028278
1781792274453915540 BID 90 1699323
1781792274453963550 ASK 108 2989098
1781792274455728626 BID 92 31400703
1781792274487049479 ASK 108 2460444
1781792274487154296 BID 92 3604222
1781792274488909938 BID 99 4112438
1781792274489611546 ASK 109 45102521
1781792274493056539 BID 99 41745363
1781792274534770493 ASK 109 352617
1781792274534818393 BID 89 1516150
1781792274535730424 ASK 104 2834494
1781792274538591658 ASK 104 2388603
1781792274541094635 ASK 102 1593852
1781792274548265520 ASK 102 885081
1781792274549184213 ASK 98 1541162
1781792274556096081 ASK 98 2380175
1781792274558519988 ASK 99 2091774
1781792274560798211 ASK 99 2681992
1781792274562942404 BID 89 3453950
1781792274563555966 ASK 91 7138071
1781792274566425809 BID 88 9049515
1781792274572212986 ASK 91 5136646
1781792274574804959 ASK 99 42945827
1781792274575506623 BID 88 42479315
1781792274617920283 ASK 99 1307222
1781792274618007928 BID 90 2608643
1781792274619399598 ASK 94 4299566
1781792274623158310 BID 90 1932976
1781792274625265903 BID 91 3603451
1781792274627351877 ASK 94 2781197
1781792274630544346 ASK 95 1968814
1781792274632042977 BID 91 2924536
1781792274635040520 BID 90 2769956
1781792274642162742 ASK 95 1814765
1781792274644142245 ASK 96 2799983
1781792274661824808 ASK 96 486438
1781792274662522492 ASK 97 1053877
1781792274663810659 ASK 97 2298103
1781792274666292757 ASK 98 1236821
1781792274667794174 ASK 98 948930
1781792274668940365 ASK 99 2036653
1781792274673076627 BID 90 1673554
1781792274674787621 BID 95 3611246
1781792274677115289 ASK 99 1993534
1781792274678184068 ASK 103 23792542
1781792274701932658 BID 95 43744590
1781792274702050128 ASK 103 43768265
1781792274745781784 BID 93 795447
1781792274745834944 ASK 104 2844561
1781792274750391377 ASK 104 1619258
1781792274751464330 BID 93 2685643
1781792274752086698 ASK 105 4988163
1781792274754207902 BID 92 4224846
1781792274758506376 BID 92 1286002
1781792274759854755 BID 91 1289990
1781792274764930547 BID 91 1384087
1781792274766356633 BID 94 1558689
1781792274770122883 BID 94 13645619
1781792274783713469 ASK 105 1907788
1781792274784827939 BID 91 1932135
1781792274785648488 ASK 106 2146478
1781792274786782666 BID 91 3280715
1781792274787852654 ASK 106 3189924
1781792274790093097 BID 93 1987238
1781792274791074168 ASK 99 11177688
1781792274802215638 BID 93 7249446
1781792274809424357 ASK 99 1423755
1781792274809481785 BID 91 2273670
1781792274810876896 ASK 100 1216673
1781792274811780472 BID 91 4122474
1781792274815862710 ASK 100 437671
1781792274815920248 BID 95 1374438
1781792274816362498 ASK 99 15419903
1781792274831681692 BID 95 13503922
1781792274845102679 ASK 99 1817750
1781792274845464097 BID 93 2372240
1781792274847027890 ASK 98 10547983
1781792274857540808 BID 93 626871
1781792274857589609 ASK 98 2081971
1781792274858193277 BID 92 2960405
1781792274859703871 ASK 99 2830793
1781792274861185731 BID 92 2528819
1781792274863161111 ASK 99 1588120
1781792274863746089 BID 91 2033004
1781792274864779237 ASK 100 2143431
1781792274865802978 BID 91 11135549
1781792274876768759 ASK 100 41182849
1781792274877185070 BID 93 40834686
1781792274917985261 ASK 108 192459
1781792274918032971 BID 93 2026838
1781792274919204579 BID 90 1904182
1781792274921136864 BID 90 1572005
1781792274922734156 BID 91 1472413
1781792274929122475 BID 91 1667945
1781792274930854200 BID 92 2583441
1781792274933501901 BID 92 2463357
1781792274936007989 BID 92 2158599
1781792274940050733 ASK 108 513524
1781792274940595134 ASK 109 1523472
1781792274942149424 ASK 109 2655552
1781792274944832898 ASK 110 3860222
1781792274949497339 BID 92 1856532
1781792274949592968 ASK 110 2966125
1781792274951380231 BID 91 2451008
1781792274952584530 ASK 110 3016800
1781792274953856577 BID 91 2824328
1781792274956705892 BID 90 1141441
1781792274968400060 ASK 110 1237092
1781792274969690801 ASK 110 1050581
1781792274973105478 ASK 110 1243192
1781792274974373426 ASK 96 847240
1781792274976879167 ASK 96 519154
1781792274977486386 ASK 97 1841344
1781792274979348660 ASK 97 1802098
1781792274981371542 ASK 98 944993
1781792274982732425 ASK 98 649719
1781792274983408653 ASK 99 992262
1781792274984514378 ASK 99 1963556
1781792274985972631 BID 90 2381941
1781792274986581298 ASK 100 3542695
1781792274988382334 BID 99 3616717
1781792274990640703 ASK 102 3192219
1781792274992027485 BID 99 3576198
1781792274993864461 ASK 102 4132081
1781792274995667834 BID 98 3113771
1781792274998062606 ASK 105 42623131
1781792275000379032 BID 98 40396725
1781792275040718539 ASK 105 1553574
1781792275041715248 BID 95 645381
1781792275041733863 ASK 111 11622299
1781792275053318271 BID 95 924789
1781792275053370709 ASK 111 2340576
1781792275054330094 BID 98 2714547
1781792275055740149 ASK 107 5701501
1781792275061360298 BID 98 19398263
1781792275080722794 ASK 107 520098
1781792275080817312 BID 103 1721731
1781792275081310629 ASK 108 6010025
1781792275087106082 BID 103 41634162
1781792275087468832 ASK 108 41358975
1781792275128791780 BID 103 1740260
1781792275128843957 ASK 109 45825973
1781792275131918490 BID 103 42838193
1781792275174701680 ASK 109 90931
1781792275174774437 BID 98 1403364
1781792275175506079 ASK 108 3221922
1781792275178089937 BID 98 9434865
1781792275187486060 ASK 108 1546381
1781792275187547375 BID 95 2613898
1781792275189063239 ASK 105 4378739
1781792275193404538 BID 95 2151407
1781792275195009534 ASK 105 2102589
1781792275195595698 BID 100 3142776
1781792275197225947 ASK 106 5189706
1781792275202375517 BID 100 2058101
1781792275202467600 ASK 106 3371352
1781792275204624777 BID 101 4439548
1781792275205984355 ASK 107 4612155
1781792275209983960 BID 101 3434323
1781792275210617940 ASK 107 3951653
1781792275213519332 BID 100 2089490
1781792275214624245 ASK 108 32444875
1781792275247029425 BID 100 27079811
1781792275273969484 ASK 108 758583
1781792275274144783 BID 96 2007367
1781792275274794051 ASK 109 3885880
1781792275276947000 BID 96 2940937
1781792275278765311 ASK 109 1518919
1781792275279947498 BID 97 1499633
1781792275280351045 ASK 107 11390787
1781792275291711325 BID 97 17605900
1781792275309087494 ASK 107 613892
1781792275309376596 BID 94 1671033
1781792275309752221 ASK 101 9836242
1781792275319537106 BID 94 41202035
1781792275319608891 ASK 101 41192256
1781792275360771041 BID 94 149912
1781792275360813440 ASK 107 1325647
1781792275364965359 ASK 107 2283920
1781792275367200638 BID 94 337473
1781792275367261802 ASK 109 1173061
1781792275367580290 BID 101 36900108
1781792275404445743 ASK 109 896212
1781792275404500516 BID 101 2249806
1781792275405425742 ASK 102 1563899
1781792275406116518 BID 93 11232071
1781792275417308815 ASK 102 1810551
1781792275417365491 BID 93 2948586
1781792275419193505 ASK 97 2313645
1781792275420387034 BID 92 42381229
1781792275462720774 ASK 97 2607897
1781792275462780235 BID 92 4201501
1781792275463305615 ASK 103 5004924
1781792275467014658 BID 92 44745822
1781792275471262126 ASK 103 40663364
1781792275512001372 ASK 109 1613871
1781792275515332356 BID 92 1868696
1781792275517291952 BID 98 1101316
1781792275521726732 BID 98 3601361
1781792275525188892 ASK 109 3344845
1781792275526448816 BID 91 2985200
1781792275528582819 ASK 109 3257747
1781792275531714444 BID 91 3561842
1781792275535208900 ASK 109 1850356
1781792275535325308 BID 92 2669788
1781792275537129287 ASK 95 2326454
1781792275538033468 BID 92 2668431
1781792275539492881 ASK 95 43280124
1781792275540786688 BID 91 42087607
1781792275582828550 ASK 103 709361
1781792275582891037 BID 91 2374904
1781792275584521693 BID 97 891585
1781792275588066214 BID 97 3000229
1781792275589480929 BID 88 9271292
1781792275598527851 ASK 103 9653671
1781792275608141787 BID 88 1563893
1781792275608199745 ASK 103 2618983
1781792275609735236 BID 100 6453862
1781792275616154543 ASK 103 9491621
1781792275625510389 BID 100 472667
1781792275625938763 ASK 107 2228881
1781792275626170287 BID 102 12974320
1781792275639084124 ASK 107 4293164
1781792275639166328 BID 102 5655749
1781792275643406674 ASK 107 3013523
1781792275644853857 BID 100 2906445
1781792275646449683 ASK 107 7112892
1781792275653440456 BID 100 2832445
1781792275653689333 ASK 108 3584587
1781792275656297718 BID 100 19881635
1781792275675907613 ASK 108 3869670
1781792275679517776 BID 100 1441444
1781792275679805105 ASK 111 2233951
1781792275681032548 BID 100 26949517
1781792275707776379 ASK 111 11619741
1781792275719354251 BID 100 678924
1781792275719896689 ASK 109 2144112
1781792275720315805 BID 99 5778390
1781792275726033040 ASK 109 2630665
1781792275726217987 BID 99 3989920
1781792275728729118 ASK 106 3960309
1781792275730232844 BID 98 14257273
1781792275744120552 ASK 106 1795188
1781792275744515163 BID 98 2300295
1781792275745982415 ASK 107 2041550
1781792275747050058 BID 103 4341038
1781792275751345381 ASK 107 652517
1781792275751409842 BID 103 1132558
1781792275752037693 ASK 108 1000246
1781792275752571945 BID 102 2332578
1781792275754857415 ASK 108 620664
1781792275754920934 BID 102 42934034
1781792275755500061 ASK 109 42494850
1781792275797958302 BID 100 3999612
1781792275798009588 ASK 109 7334408
1781792275799190451 ASK 115 7812459
1781792275802053013 BID 100 6303004
1781792275807036372 ASK 115 3165082
1781792275808386034 BID 99 3047552
1781792275810287225 ASK 106 2352924
1781792275811524376 BID 99 2711117
1781792275812741940 ASK 106 2987966
1781792275814504928 BID 98 3783147
1781792275815798214 ASK 107 5202634
1781792275820921931 BID 98 2220577
1781792275821020475 ASK 107 3139160
1781792275823241543 BID 98 2894935
1781792275824194620 ASK 108 2947227
1781792275826196651 BID 98 41542088
1781792275867712400 ASK 108 1263530
1781792275867803621 BID 93 2146677
1781792275868680516 ASK 100 26451642
1781792275894912876 BID 93 2322113
1781792275897036887 ASK 100 708835
1781792275897258643 BID 92 1509706
1781792275897778915 ASK 101 4615396
1781792275902317547 BID 92 3505478
1781792275905652435 ASK 101 1159916
1781792275906781884 BID 90 1604219
1781792275906823682 ASK 105 2782866
1781792275908413805 BID 90 6083377
1781792275914454733 ASK 105 2360548
1781792275914514455 BID 102 3135592
1781792275916893267 ASK 106 2251007
1781792275917712825 BID 102 2661067
1781792275919170093 ASK 106 2083017
1781792275920398387 BID 101 2390475
1781792275921350112 ASK 105 42584008
1781792275963901920 BID 101 220900
1781792275963954218 ASK 105 262217
1781792275967697095 BID 99 544862
1781792275967740336 ASK 114 1621827
1781792275972113224 BID 99 1727290
1781792275973898102 BID 98 2442091
1781792275975860203 ASK 114 1810977
1781792275977540525 BID 98 1272698
1781792275977696979 ASK 114 2165562
1781792275978878776 BID 90 19510572
1781792275998356656 ASK 114 1573412
1781792275998406640 BID 90 2609846
1781792275999972728 ASK 114 1201755
1781792276001092269 BID 91 4265122
1781792276005256020 ASK 114 12568468
1781792276017791937 BID 91 473648
1781792276017841420 ASK 114 1307047
1781792276018346908 BID 90 14605799
1781792276032914796 ASK 114 1626717
1781792276032968026 BID 90 2348625
1781792276034564867 ASK 109 2335482
1781792276035339134 BID 97 24543894
1781792276059753625 ASK 109 1623776
1781792276060136744 BID 97 2322477
1781792276061404302 ASK 102 3568725
1781792276062483997 BID 92 5695986
1781792276068113047 ASK 102 2455116
1781792276068197816 BID 92 3305301
1781792276070704549 ASK 103 3072413
1781792276071597223 BID 96 3136845
1781792276073913378 ASK 103 3115545
1781792276074770045 BID 96 44682604
1781792276076877148 ASK 109 42654289
1781792276119470303 BID 94 1871127
1781792276119544912 ASK 109 4498097
1781792276121374351 BID 94 3799991
1781792276124101709 ASK 103 3262528
1781792276125199017 BID 93 4397961
1781792276129690182 BID 93 1099513
1781792276130885265 BID 92 1015575
1781792276131929052 BID 92 1027135
1781792276133029935 BID 91 1202369
1781792276134383688 BID 91 1892873
1781792276136419579 BID 90 1877703
1781792276139861284 ASK 103 1403442
1781792276141295244 ASK 104 1118917
1781792276142469875 ASK 104 1053488
1781792276143561144 ASK 105 1086919
1781792276152144178 BID 90 1110343
1781792276153281762 BID 89 2337855
1781792276155711460 BID 89 2713120
1781792276158456499 BID 92 2553586
1781792276163503388 ASK 105 1241228
1781792276164785243 ASK 99 1049533
1781792276172389768 ASK 99 7173147
1781792276179132828 BID 92 1146671
1781792276180033367 ASK 100 1505194
1781792276180505773 BID 97 12901223
1781792276193291540 ASK 100 2033780
1781792276193687603 BID 97 2393646
1781792276195497182 ASK 99 2100025
1781792276196133706 BID 94 36775451
1781792276232870184 ASK 99 565932
1781792276232942039 BID 94 1481810
1781792276233556892 ASK 100 1960919
1781792276234517344 BID 96 11313028
1781792276245795807 ASK 100 41755039
1781792276287635985 ASK 103 422337
