1781792198335726235 BID 98 283562
1781792198335785446 ASK 102 41109230
1781792199940153544 BID 98 149200
1781792199940453667 BID 97 216626
1781792200151057172 BID 97 233152
1781792200151379842 BID 98 279203
1781792200222482068 BID 98 384260
1781792200222906323 BID 99 480843
1781792200259705559 BID 99 42592938
1781792200302351547 BID 97 160150
1781792200379341463 BID 97 131777
1781792200379498077 BID 96 357711
1781792200399900508 BID 96 872592
1781792200400805311 BID 97 500659
1781792200441791950 BID 97 198388
1781792200442134208 BID 96 224651
1781792200698991494 BID 96 312822
1781792200699341015 BID 95 570590
1781792200699932505 BID 95 233357
1781792200700189036 BID 96 193111
1781792200774819437 ASK 102 240541
1781792200775078874 ASK 103 194475
1781792200833053693 BID 96 434934
1781792200833562826 BID 95 312378
1781792201187121873 BID 95 300775
1781792201187457222 BID 97 303490
1781792201214197035 BID 97 303129
1781792201214534248 BID 96 499326
1781792201215061787 BID 96 555172
1781792201215663226 BID 95 229440
1781792201362998603 BID 95 131076
1781792201363153233 BID 96 294613
1781792201376709081 ASK 103 333558
1781792201377069400 ASK 99 372159
1781792201413343335 ASK 99 42338110
1781792201455712513 ASK 103 130525
1781792201456990261 ASK 103 235131
1781792201457250459 ASK 104 207920
1781792201500299898 BID 96 246022
1781792201500628725 BID 95 512742
1781792201616903980 BID 95 249984
1781792201617182989 BID 94 392713
1781792201779429090 ASK 104 156955
1781792201779659232 ASK 105 216731
1781792201805563173 BID 94 183068
1781792201805781678 BID 102 346254
1781792201895839235 BID 102 153898
1781792201896083894 BID 94 184867
1781792201896293808 BID 94 232986
1781792201896651278 BID 93 370295
1781792201897106392 BID 93 304972
1781792201897537360 BID 92 257934
1781792201897831482 BID 92 157135
1781792201898135923 BID 91 176376
1781792201898336936 BID 91 306755
1781792201898673557 BID 90 2271063
1781792201900975999 BID 90 285047
1781792201901291523 BID 89 326012
1781792201901686534 BID 89 331331
1781792201902054534 BID 88 312626
1781792201913187705 BID 88 213560
1781792201913427545 BID 92 529579
1781792201932223376 ASK 105 136010
1781792201932406474 ASK 99 491668
1781792201969863664 ASK 99 171581
1781792201970126927 ASK 100 365871
1781792201970567799 ASK 100 224461
1781792201970826424 ASK 101 428053
1781792201971279725 ASK 101 301350
1781792201971622743 ASK 102 238578
1781792201971960667 ASK 102 422473
1781792201972398088 ASK 103 381505
1781792202009638255 BID 92 134066
1781792202009850648 BID 94 182943
1781792202062326517 ASK 103 247479
1781792202062602499 ASK 104 284063
1781792202078968448 BID 94 301710
1781792202079348505 BID 93 250700
1781792202121341935 BID 93 129728
1781792202121503984 BID 92 389576
1781792202121920009 BID 92 238027
1781792202122250099 BID 91 142667
1781792202122487043 BID 91 137959
1781792202122672481 BID 90 258555
1781792202122962896 BID 90 275424
1781792202123265892 BID 89 331023
1781792202123625950 BID 89 349842
1781792202124004355 BID 88 495470
1781792202164321512 ASK 104 472416
1781792202164393547 BID 88 670240
1781792202164819676 ASK 105 558004
1781792202165090948 BID 89 472782
1781792202194717626 BID 89 646453
1781792202195383535 BID 93 503946
1781792202217873135 BID 93 328016
1781792202218282513 BID 92 196584
1781792202218510967 BID 92 269987
1781792202218842429 BID 91 308389
1781792202219173160 BID 91 1633609
1781792202220840953 BID 90 411139
1781792202221422892 BID 90 376206
1781792202221829235 BID 89 190016
1781792202222139667 BID 89 391504
1781792202222609328 BID 88 376246
1781792202246820239 BID 88 793599
1781792202247666376 BID 94 570931
1781792202291130735 ASK 105 280121
1781792202291445812 ASK 103 316092
1781792202358680573 BID 94 395166
1781792202358926885 ASK 103 547292
1781792202359121866 BID 93 799830
1781792202359499073 ASK 104 581671
1781792202359951963 BID 93 389430
1781792202360159041 ASK 104 552391
1781792202360422044 BID 92 610195
1781792202360824925 ASK 105 478828
1781792202361089246 BID 92 478673
1781792202361593727 BID 91 399315
1781792202362078702 BID 91 402034
1781792202362512907 BID 90 369072
1781792202363049754 BID 90 187462
1781792202363271099 BID 89 245170
1781792202363579698 BID 89 228128
1781792202363891083 BID 88 265498
1781792202401460052 BID 88 398226
1781792202401945743 BID 98 545394
1781792202411204001 BID 98 256219
1781792202411610041 BID 102 530367
1781792202465585899 ASK 105 940747
1781792202466586488 ASK 106 256892
1781792202469827519 BID 102 252812
1781792202470178845 BID 101 138170
1781792202470379662 BID 101 392997
1781792202470804880 BID 100 328138
1781792202471211845 BID 100 248366
1781792202471562513 BID 99 158528
1781792202471791523 BID 99 337633
1781792202472280581 BID 98 104056
1781792202472404453 BID 98 638007
1781792202473075552 BID 95 574808
1781792202473664968 BID 95 210394
1781792202473899928 BID 94 348664
1781792202474276665 BID 94 339347
1781792202474693277 BID 93 402686
1781792202475125338 BID 93 188965
1781792202475382490 BID 92 453721
1781792202541586628 BID 92 690085
1781792202542389244 BID 101 441378
1781792202542794314 ASK 106 222196
1781792202543229310 ASK 107 133159
1781792202543422202 ASK 107 387306
1781792202544035001 ASK 108 415380
1781792202544541602 ASK 108 327955
1781792202544881409 ASK 109 282821
1781792202545175571 ASK 109 412644
1781792202545602993 ASK 110 316213
1781792202546022059 ASK 110 285946
1781792202546335056 ASK 111 146134
1781792202546607968 ASK 111 426346
1781792202547069940 ASK 112 376517
1781792202547471363 ASK 112 538379
1781792202548034750 ASK 113 219294
1781792202548267690 ASK 113 950930
1781792202549246503 ASK 114 259803
1781792202564488852 BID 101 214132
1781792202564882822 BID 102 342123
1781792202608518392 ASK 114 362601
1781792202608923833 ASK 109 223919
1781792202727662515 BID 102 929138
1781792202727927212 ASK 109 854708
1781792202728571706 BID 94 598547
1781792202728866279 ASK 110 41211717
1781792202770038572 BID 94 564038
1781792202770098885 ASK 110 868028
1781792202770618540 BID 93 622698
1781792202771024070 ASK 101 406874
1781792202771404214 BID 93 404889
1781792202771889815 BID 92 1174924
1781792202773152553 BID 92 143570
1781792202773534079 BID 91 108193
1781792202774302671 BID 91 300772
1781792202774632197 BID 90 253475
1781792202774911701 BID 90 297969
1781792202775237122 BID 89 438422
1781792202775694931 BID 89 169179
1781792202775956744 BID 88 254548
1781792202794301775 ASK 101 40444848
1781792202834788211 ASK 91 181821
1781792202851082816 BID 88 40859293
1781792202892007162 BID 82 273505
1781792202892542498 BID 82 190707
1781792202892610145 ASK 91 621941
1781792202892835297 BID 81 734874
1781792202893268505 ASK 106 612058
1781792202893849214 BID 81 494699
1781792202893897284 ASK 106 794255
1781792202894378147 BID 80 654082
1781792202894771419 ASK 107 552246
1781792202895261308 BID 80 491648
1781792202895354333 ASK 107 689479
1781792202895782552 BID 79 519289
1781792202896073327 ASK 108 547047
1781792202896480912 BID 79 394420
1781792202896732354 ASK 108 530249
1781792202896893736 BID 78 674269
1781792202897380284 ASK 109 535715
1781792202897734307 BID 78 658987
1781792202897944963 ASK 109 718786
1781792202898418090 BID 77 587372
1781792202898692463 ASK 110 636792
1781792202899258707 BID 77 458631
1781792202899356306 ASK 110 631941
1781792202899739820 BID 76 488837
1781792202900019504 ASK 111 498766
1781792202900480860 BID 76 417643
1781792202900535924 ASK 111 688541
1781792202900929251 BID 75 457579
1781792202901290289 ASK 112 516158
1781792202901682204 BID 75 336030
1781792202901991293 ASK 112 356649
1781792202902028694 BID 74 2135125
1781792202902414888 ASK 113 2209195
1781792202904517573 BID 74 426901
1781792202904733929 ASK 113 512141
1781792202904973979 BID 73 485771
1781792202905337722 ASK 114 449303
1781792202905622486 BID 73 343963
1781792202906004470 BID 72 343575
1781792202906364255 BID 72 127800
1781792202920734126 BID 94 248306
1781792202980529435 BID 94 365746
1781792202980994568 BID 98 422177
1781792203005211834 BID 98 157606
1781792203005248012 ASK 114 751159
1781792203005477503 BID 111 820820
1781792203006125979 ASK 115 584357
1781792203028119889 BID 111 44602404
1781792203072786754 BID 98 223595
1781792203094268419 ASK 115 206337
1781792203094502248 ASK 116 229034
1781792203094782739 ASK 116 347181
1781792203095153995 ASK 117 374623
1781792203095556831 ASK 117 337419
1781792203095965303 ASK 118 264566
1781792203141710343 ASK 118 229653
1781792203142031738 ASK 116 188714
1781792203225291819 ASK 116 163206
1781792203225480763 ASK 111 435451
1781792203238277855 BID 98 146565
1781792203238455609 BID 97 306420
1781792203238782377 BID 97 346280
1781792203239148634 BID 96 153597
1781792203239326567 BID 96 351840
1781792203239713623 BID 95 542303
1781792203258122813 BID 95 212524
1781792203258367437 BID 98 319995
1781792203270124028 BID 98 302857
1781792203270486618 BID 101 420650
1781792203302648571 BID 101 127111
1781792203302833670 BID 100 291152
1781792203303146563 BID 100 344036
1781792203303518722 BID 99 229410
1781792203303807564 BID 99 162155
1781792203304047834 BID 98 142016
1781792203304211862 BID 98 174728
1781792203304410565 BID 97 283762
1781792203304711138 BID 97 215875
1781792203304999459 BID 96 216120
1781792203305244313 BID 96 207069
1781792203305465909 BID 95 325278
1781792203323874182 BID 95 320807
1781792203324227169 BID 94 169999
1781792203324425311 BID 94 183815
1781792203324662236 BID 93 348553
1781792203325021760 BID 93 119695
1781792203325349535 BID 85 137733
1781792203340044738 BID 85 167850
1781792203340389369 BID 95 241153
1781792203343650673 BID 95 320802
1781792203343999667 BID 94 223589
1781792203344323585 BID 94 447731
1781792203344800920 BID 93 474450
1781792203345308122 BID 93 244614
1781792203345575408 BID 92 301769
1781792203345910169 BID 92 268115
1781792203346209954 BID 91 241923
1781792203346559860 BID 91 306095
1781792203346892424 BID 90 245310
1781792203347205482 BID 90 238182
1781792203347512282 BID 89 170409
1781792203347749286 BID 89 178380
1781792203347956130 BID 88 176912
1781792203348156596 BID 88 226145
1781792203348405623 BID 87 230171
1781792203348683764 BID 87 425228
1781792203349175557 BID 86 243527
1781792203349482112 BID 86 183925
1781792203349693890 BID 85 263615
1781792203377082377 BID 85 193555
1781792203377302813 BID 98 228178
1781792203381862997 BID 98 143099
1781792203382036814 BID 101 288030
1781792203482918512 BID 101 157606
1781792203483104551 BID 100 212439
1781792203483353498 BID 100 357100
1781792203483769959 BID 99 316324
1781792203484149421 BID 99 354235
1781792203484534233 BID 98 540649
1781792203485668381 ASK 111 305287
1781792203485999677 ASK 108 403066
1781792203600529663 ASK 108 254092
1781792203600826745 ASK 106 367926
1781792203630045690 ASK 106 1215595
1781792203630148503 BID 98 1239480
1781792203630990297 ASK 108 780824
1781792203631449839 BID 88 43315009
1781792203687954542 BID 88 515417
1781792203688499244 BID 101 192380
1781792203745763120 BID 101 187722
1781792203746054136 BID 100 209814
1781792203746309174 BID 100 291016
1781792203746629004 BID 99 384466
1781792203747038978 BID 99 184195
1781792203747248892 BID 98 399860
1781792203747703655 BID 98 504000
1781792203748236579 BID 97 285587
1781792203748545049 BID 97 374166
1781792203749010026 BID 96 294533
1781792203749325518 BID 96 376110
1781792203749719772 BID 95 320747
1781792203750115419 BID 95 280401
1781792203750454491 BID 94 202094
1781792203750695178 BID 94 244368
1781792203750967288 BID 93 361142
1781792203751358116 BID 93 257422
1781792203751837695 BID 92 129774
1781792203752154019 BID 92 171301
1781792203752441388 BID 91 154129
1781792203752764544 BID 91 424236
1781792203753265353 BID 88 354736
1781792203770498142 BID 88 197789
1781792203770735636 BID 98 520122
1781792203799992969 BID 98 172885
1781792203800217611 BID 97 284454
1781792203800526060 BID 97 327144
1781792203800877890 BID 96 225808
1781792203801132671 BID 96 200286
1781792203801366360 BID 95 396795
1781792203801851571 BID 95 209702
1781792203802117699 BID 94 330451
1781792203802475651 BID 94 431275
1781792203802932774 BID 93 395783
1781792203803354976 BID 93 212138
1781792203803675257 BID 92 197511
1781792203803938591 BID 92 286372
1781792203804335070 BID 91 178174
1781792203804680457 BID 91 264556
1781792203804970571 BID 90 230483
1781792203805226141 BID 90 235512
1781792203805491198 BID 89 299031
1781792203805805839 BID 89 739216
1781792203806675079 BID 88 287079
1781792203807138559 BID 88 186229
1781792203807431679 BID 98 173215
1781792203833922796 ASK 108 153468
1781792203834113013 ASK 104 382577
1781792203856229000 BID 98 23968322
1781792203880145614 ASK 104 284118
1781792203880225123 BID 92 671725
1781792203880458826 ASK 111 8288870
1781792203888701108 BID 92 46614468
1781792203935360200 BID 89 311244
1781792203937188390 ASK 111 162826
1781792203937424283 ASK 97 331371
1781792203963844126 BID 89 259537
1781792203964130493 BID 88 741306
1781792203965131541 BID 88 174713
1781792203965332573 BID 87 249463
1781792203965822958 BID 87 161213
1781792203966012093 BID 86 237255
1781792203966461141 BID 86 158381
1781792203966643187 BID 85 465679
1781792203967212891 BID 85 179190
1781792203967526774 BID 84 254768
1781792203967992849 BID 84 225931
1781792203968340178 BID 83 298279
1781792203968761669 BID 83 339026
1781792203969116755 BID 82 120955
1781792203969421525 BID 82 106781
1781792203969555426 BID 81 215604
1781792203969953683 BID 81 108694
1781792203970086602 BID 80 381456
1781792203970483677 BID 80 109219
1781792203973853794 BID 78 393586
1781792203993987484 BID 78 184567
1781792203994253614 BID 83 273363
1781792204021976136 BID 83 155547
1781792204022162520 BID 89 232376
1781792204068297589 BID 89 457268
1781792204068856097 BID 89 250850
1781792204083816302 ASK 97 302798
1781792204084154035 ASK 98 192501
1781792204084397031 ASK 98 208025
1781792204084646714 ASK 99 279234
1781792204084998274 ASK 99 196108
1781792204085217305 ASK 100 232331
1781792204085477077 ASK 100 268479
1781792204085764181 ASK 101 227226
1781792204086016875 ASK 101 258379
1781792204086336700 ASK 102 506945
1781792204086858594 ASK 102 135951
1781792204087020292 ASK 103 271419
1781792204096812514 BID 89 313458
1781792204097149035 BID 88 326467
1781792204097499317 BID 88 355356
1781792204097881133 BID 87 280471
1781792204098271931 BID 87 176817
1781792204098474076 BID 86 404934
1781792204098990539 BID 86 339136
1781792204099448548 BID 85 256601
1781792204099887431 BID 85 159796
1781792204100069829 BID 84 188227
1781792204100287742 BID 84 213951
1781792204100524727 BID 83 238817
1781792204146293054 BID 83 226144
1781792204146537582 BID 91 306935
1781792204147079979 BID 91 156834
1781792204147320350 BID 93 204042
1781792204241252135 BID 93 1310824
1781792204242313421 ASK 103 438182
1781792204242632920 BID 92 328186
1781792204242804351 ASK 104 455575
1781792204243007473 BID 92 620625
1781792204243809968 BID 99 388138
1781792204283855519 BID 99 293190
1781792204284276589 BID 98 206872
1781792204284543734 BID 98 329238
1781792204284908889 BID 97 376091
1781792204285307863 BID 97 209718
1781792204285544793 BID 96 202420
1781792204285777229 BID 96 221811
1781792204286031401 BID 95 187686
1781792204286243403 BID 95 198106
1781792204286514727 BID 94 445666
1781792204287016388 BID 94 223389
1781792204287262339 BID 93 317040
1781792204287641566 BID 93 625252
1781792204288295132 BID 92 324218
1781792204288713296 BID 92 279811
1781792204289017362 BID 91 296907
1781792204289337162 BID 91 334979
1781792204289702518 BID 90 153472
1781792204289887288 BID 90 457519
1781792204290371167 BID 89 281227
1781792204290747993 BID 89 397787
1781792204291175175 BID 88 465764
1781792204291671025 BID 88 241663
1781792204291972881 BID 87 205245
1781792204292197773 BID 87 302918
1781792204292573057 BID 86 595217
1781792204297528444 ASK 104 194205
1781792204297864574 ASK 102 327494
1781792204320015860 ASK 102 41417774
1781792204361468539 ASK 101 224476
1781792204435207447 BID 86 162775
1781792204435462916 BID 88 189055
1781792204437063494 ASK 101 349786
1781792204437429480 ASK 102 165651
1781792204437616531 ASK 102 308735
1781792204437949852 ASK 103 187131
1781792204438154125 ASK 103 254447
1781792204438433299 ASK 104 535424
1781792204438938296 BID 88 226495
1781792204439188345 BID 87 173486
1781792204439388360 BID 87 353409
1781792204439792354 BID 86 306118
1781792204514078634 BID 86 221970
1781792204514334708 BID 93 457669
1781792204518702482 BID 93 178866
1781792204519087995 BID 100 249088
1781792204578645866 BID 100 431336
1781792204579104953 BID 99 567865
1781792204579706852 BID 99 314420
1781792204580047591 BID 98 494357
1781792204580568959 BID 98 285165
1781792204580882056 BID 97 497684
1781792204581408935 BID 97 328516
1781792204581768740 BID 96 349475
1781792204582145607 BID 96 548980
1781792204582724733 BID 95 140464
1781792204582892117 BID 95 265478
1781792204583172814 BID 94 456046
1781792204583644118 BID 94 228884
1781792204584063640 BID 93 190859
1781792204630864237 ASK 104 208801
1781792204631159240 ASK 105 192271
1781792204631365758 ASK 105 292899
1781792204631689105 ASK 106 386986
1781792204632241180 ASK 106 307968
1781792204632575126 ASK 107 463239
1781792204633111091 ASK 107 3022331
1781792204636233530 ASK 108 260399
1781792204636556566 ASK 108 218149
1781792204636901843 ASK 109 293731
1781792204637354192 ASK 109 502502
1781792204637926916 ASK 110 285786
1781792204638240004 ASK 110 350046
1781792204638611521 ASK 111 292368
1781792204643367222 BID 93 41599556
1781792204685017954 BID 90 177557
1781792204694980364 BID 90 149475
1781792204695162280 BID 89 251467
1781792204695436319 BID 89 328125
1781792204695794901 BID 88 272336
1781792204696149031 BID 88 191339
1781792204696364645 BID 87 400397
1781792204696790520 BID 87 307671
1781792204697126965 BID 86 231700
1781792204697381899 BID 86 331181
1781792204697774796 BID 85 256541
1781792204739885801 ASK 111 200401
1781792204740167695 ASK 99 233954
1781792204794048309 BID 85 540644
1781792204794609622 BID 84 274044
1781792204794951643 BID 84 258756
1781792204795244773 BID 83 322285
1781792204795591824 BID 83 375601
1781792204795989867 BID 82 270151
1781792204820465056 ASK 99 160952
1781792204820654492 ASK 100 322610
1781792204821028729 ASK 100 204819
1781792204821361138 ASK 101 455655
1781792204821928492 ASK 101 137929
1781792204822230078 ASK 109 332814
1781792204915816816 BID 82 157937
1781792204915851141 ASK 109 402633
1781792204916054613 BID 100 565886
1781792204916282638 ASK 110 603863
1781792204916919653 ASK 110 223411
1781792204917164204 ASK 111 287730
1781792204926955327 ASK 111 344036
1781792204927331483 ASK 103 294945
1781792205025366450 BID 100 114795
1781792205025532582 BID 99 378199
1781792205041081050 ASK 103 185819
1781792205041301634 ASK 104 284281
1781792205062933896 ASK 104 533000
1781792205063490791 ASK 105 270638
1781792205063787989 ASK 105 435387
1781792205064243804 ASK 106 174257
1781792205064477642 ASK 106 340479
1781792205064876250 ASK 107 297418
1781792205067444097 ASK 107 253857
1781792205067731557 ASK 108 235978
1781792205067992482 ASK 108 510898
1781792205068530782 ASK 109 249738
1781792205102344971 ASK 109 251983
1781792205102765260 ASK 107 515994
1781792205108325411 ASK 107 45638612
1781792205154021771 ASK 111 380586
1781792205203954850 BID 99 150728
1781792205204272221 BID 98 164344
1781792205204485826 BID 98 268264
1781792205204815635 BID 97 247018
1781792205205122356 BID 97 118763
1781792205205253993 BID 96 248106
1781792205205530061 BID 96 278072
1781792205205832338 BID 95 219391
1781792205206079702 BID 95 158162
1781792205206289821 BID 94 142467
1781792205206445273 BID 94 385693
1781792205206914533 BID 93 237315
1781792205210864644 BID 93 165095
1781792205211065627 BID 92 309415
1781792205211398054 BID 92 261291
1781792205211688479 BID 91 261266
1781792205211976856 BID 91 274144
1781792205212276298 BID 90 228258
1781792205217614031 ASK 111 209968
1781792205217958873 ASK 96 233183
1781792205296787891 BID 90 528060
1781792205297241231 ASK 96 166366
1781792205297333204 BID 82 479594
1781792205297435670 ASK 109 758583
1781792205298261359 ASK 109 161533
1781792205298447979 ASK 110 260940
1781792205298744816 ASK 110 303249
1781792205299071439 ASK 111 162565
1781792205317890127 BID 82 112811
1781792205318026503 BID 90 339381
1781792205335323792 BID 90 200101
1781792205335591970 BID 98 212940
1781792205403250474 BID 98 146665
1781792205403304786 ASK 111 665130
1781792205403452844 BID 97 768393
1781792205404047201 ASK 105 526267
1781792205404296819 BID 97 504607
1781792205404855227 BID 96 238137
1781792205405173905 BID 96 308629
1781792205405508422 BID 95 432880
1781792205406034006 BID 95 252534
1781792205406442512 BID 94 380213
1781792205406845408 BID 94 201847
1781792205407111796 BID 93 145382
1781792205407334013 BID 93 396724
1781792205407757968 BID 92 320891
1781792205408101922 BID 92 162090
1781792205408306301 BID 91 254402
1781792205408624152 BID 91 349441
1781792205409031031 BID 90 139091
1781792205422489844 ASK 105 184766
1781792205422699537 ASK 106 243196
1781792205422965436 ASK 106 240301
1781792205423230142 ASK 107 256878
1781792205423512037 ASK 107 243486
1781792205423785309 ASK 108 217639
1781792205424031772 ASK 108 347770
1781792205424412814 ASK 109 528363
1781792205424858983 BID 90 390613
1781792205424968198 ASK 109 545604
1781792205425270685 BID 89 608883
1781792205425537326 ASK 110 812754
1781792205426163867 BID 89 522364
1781792205426376039 ASK 110 532499
1781792205426783894 BID 88 327214
1781792205427001022 ASK 111 789451
1781792205427406843 BID 88 439384
1781792205427863830 BID 87 147954
1781792205428182047 BID 87 173941
1781792205428379793 BID 86 299607
1781792205428905785 BID 86 282420
1781792205429203464 BID 85 177022
1781792205429406434 BID 85 277506
1781792205429773569 BID 84 315847
1781792205430281786 BID 84 507823
1781792205430809918 BID 82 180058
1781792205463301076 BID 82 549215
1781792205463896648 BID 81 323201
1781792205464240187 BID 81 298115
1781792205464572356 BID 80 422842
1781792205465024654 BID 80 379567
1781792205465450337 BID 79 342859
1781792205465856194 BID 79 386445
1781792205466274669 BID 78 604500
1781792205467262889 BID 78 104355
1781792205467392221 BID 77 235562
1781792205467928472 BID 77 126317
1781792205468080928 BID 76 427436
1781792205468679325 BID 76 133934
1781792205468845520 BID 75 343241
1781792205469397156 BID 75 310673
1781792205469738026 BID 74 420559
1781792205470178883 BID 74 145954
1781792205475571239 BID 88 167144
1781792205526033179 BID 88 191785
1781792205526252025 BID 90 310382
1781792205527996723 BID 90 147802
1781792205528167358 BID 89 271459
1781792205528465598 BID 89 335649
1781792205528855359 BID 88 157115
1781792205529570761 BID 88 442259
1781792205530029201 BID 89 167134
1781792205585014833 BID 89 305133
1781792205585225679 ASK 111 432581
1781792205585343730 BID 78 774729
1781792205585706872 ASK 93 673313
1781792205586320277 BID 78 280772
1781792205586630124 BID 77 252273
1781792205587080378 BID 77 255289
1781792205587365694 BID 76 497413
1781792205588016304 BID 76 89909
1781792205588127884 BID 75 331210
1781792205588790326 BID 75 634471
1781792205589383469 ASK 93 130034
1781792205589440987 BID 74 402680
1781792205589529062 ASK 95 692609
1781792205589993248 BID 74 419101
1781792205590244825 ASK 95 454061
1781792205590425003 BID 73 521919
1781792205590910764 ASK 96 570710
1781792205591028725 BID 73 675968
1781792205591504197 ASK 96 305634
1781792205591725232 BID 72 821080
1781792205592113450 ASK 95 590247
1781792205592563504 BID 72 40164427
1781792205632803001 BID 72 247231
1781792205633721076 BID 72 370665
1781792205633771621 ASK 95 642710
1781792205634118842 BID 78 527304
1781792205634473512 ASK 96 390203
1781792205634887259 ASK 96 255173
1781792205635174753 ASK 97 325010
1781792205635525842 ASK 97 330666
1781792205635881885 ASK 98 281498
1781792205636187138 ASK 98 235061
1781792205636512087 ASK 99 566287
1781792205637041165 BID 78 544602
1781792205637189954 ASK 99 619352
1781792205637668672 BID 92 194675
1781792205637825476 ASK 100 218980
1781792205638119507 ASK 100 445937
1781792205638588898 ASK 111 178495
1781792205693258012 ASK 111 378450
1781792205693393656 BID 92 646918
1781792205693667029 ASK 111 765630
1781792205694064108 BID 78 639029
1781792205694718005 BID 78 396549
1781792205695139611 BID 77 406844
1781792205695578906 BID 77 468097
1781792205696071740 BID 76 181570
1781792205696278668 BID 76 452073
1781792205696754776 BID 75 379658
1781792205697224904 BID 75 452062
1781792205697767105 BID 74 309381
1781792205698099830 BID 74 315471
1781792205698443374 BID 73 255349
1781792205709474087 BID 73 248226
1781792205709828893 BID 78 254908
1781792205748549332 BID 78 236823
1781792205748830878 BID 88 339226
1781792205772732118 BID 88 568787
1781792205773374764 BID 87 377743
1781792205773829301 BID 87 910083
1781792205774763218 BID 86 183049
1781792205774979299 BID 86 501531
1781792205775514282 BID 85 552652
1781792205776097241 BID 85 804880
1781792205776937638 BID 84 261130
1781792205777229485 BID 84 682681
1781792205777942162 BID 83 344326
1781792205778313939 BID 83 520446
1781792205778873228 BID 82 561384
1781792205779603218 BID 82 340889
1781792205780037182 BID 81 322645
1781792205780446951 BID 81 280576
1781792205780768003 BID 80 221035
1781792205781020587 BID 80 293388
1781792205781546291 BID 79 295785
1781792205782104966 BID 79 237466
1781792205782375143 BID 78 255703
1781792205786591698 ASK 111 340417
1781792205786968633 ASK 99 399269
1781792205814199460 ASK 99 267592
1781792205814587609 ASK 100 432679
1781792205815047129 ASK 100 430958
1781792205815500599 ASK 101 180369
1781792205815913716 ASK 101 319949
1781792205816259363 ASK 102 186151
1781792205816475099 ASK 102 305473
1781792205816815578 ASK 103 289022
1781792205817150146 ASK 103 298880
1781792205817479934 ASK 104 651843
1781792205818152757 ASK 104 302856
1781792205818601747 ASK 111 259023
1781792205819526529 ASK 111 166392
1781792205819730482 ASK 110 395424
1781792205850735382 ASK 110 333255
1781792205851138598 ASK 107 288832
1781792205882696009 BID 78 112636
1781792205882857267 BID 77 629596
1781792205883517931 BID 77 295294
1781792205883842130 BID 76 194374
1781792205884050200 BID 76 455243
1781792205884597056 BID 75 347492
1781792205885006454 BID 75 166051
1781792205885188365 BID 74 168496
1781792205885518554 BID 74 248186
1781792205885881365 BID 73 224108
1781792205893962776 BID 73 162210
1781792205894205467 BID 82 280691
1781792205936909359 ASK 107 134325
1781792205937077517 ASK 96 313700
1781792205955111150 BID 82 448407
1781792205955597779 BID 90 456831
1781792206073392966 BID 90 279565
1781792206073711183 BID 92 311363
1781792206113520064 BID 92 3568955
1781792206117027494 ASK 96 519865
1781792206117109478 BID 86 592361
1781792206117604947 ASK 107 15593263
1781792206133157805 BID 86 525335
1781792206133214531 ASK 107 541125
1781792206133713437 BID 78 573776
1781792206133778729 ASK 99 2378933
1781792206134300168 BID 78 2351090
1781792206136218336 ASK 99 1096407
1781792206137098577 BID 77 410300
1781792206137362933 ASK 94 744507
1781792206137719693 BID 77 19248290
1781792206156490306 ASK 94 794981
1781792206156989232 BID 73 363812
1781792206157299133 ASK 90 40363120
1781792206197689163 ASK 90 110253
1781792206198055330 ASK 95 157687
1781792206294518694 BID 73 363221
1781792206294926529 BID 92 318223
1781792206363971897 ASK 95 381561
1781792206364417909 ASK 96 506850
1781792206381781027 BID 92 295535
1781792206382107460 BID 91 239548
1781792206382388546 BID 91 421932
1781792206382833571 BID 90 318508
1781792206383223363 BID 90 220133
1781792206383535288 BID 89 337974
1781792206383891957 BID 89 267271
1781792206384187562 BID 88 257248
1781792206384529199 BID 88 273954
1781792206384840402 BID 87 245381
1781792206385106852 BID 87 321622
1781792206385447400 BID 86 439007
1781792206385915922 BID 86 298680
1781792206386243046 BID 85 413355
1781792206386689543 BID 85 270700
1781792206387061864 BID 84 404598
1781792206387499324 BID 84 124253
1781792206387731009 BID 83 254708
1781792206388017867 BID 83 228950
1781792206388272295 BID 82 214242
1781792206388505101 BID 82 280451
1781792206388846457 BID 81 240366
1781792206392932533 ASK 96 184801
1781792206393197584 ASK 97 371407
1781792206393603396 ASK 97 318848
1781792206393945718 ASK 98 403096
1781792206394374823 ASK 98 438091
1781792206394877315 ASK 99 335870
1781792206422055921 BID 81 220465
1781792206422315259 BID 80 256171
1781792206422624790 BID 80 541416
1781792206423200180 BID 79 337312
1781792206446981091 ASK 99 414828
1781792206447368408 BID 79 275867
1781792206447411098 ASK 100 480611
1781792206447667940 BID 78 535745
1781792206447951582 ASK 100 461055
1781792206448440439 ASK 101 359094
1781792206448825151 ASK 101 258705
1781792206449131245 ASK 102 347062
1781792206449502362 ASK 102 346215
1781792206449875197 ASK 103 393107
1781792206450293411 ASK 103 196353
1781792206450515312 ASK 104 201238
1781792206450737339 ASK 104 225583
1781792206451025810 ASK 105 152736
1781792206451204425 ASK 105 247965
1781792206451476385 ASK 106 235151
1781792206451763394 ASK 106 192861
1781792206451973117 ASK 107 150769
1781792206452146378 ASK 107 311314
1781792206452482198 ASK 108 379472
1781792206452891165 ASK 108 113072
1781792206453027802 ASK 109 236858
1781792206453289237 ASK 109 173425
1781792206453491586 ASK 110 421385
1781792206453939451 ASK 110 342604
1781792206454310298 ASK 111 324453
1781792206483784476 BID 78 697308
1781792206484503285 BID 87 305073
1781792206484825249 BID 87 210585
1781792206485061241 BID 98 252444
1781792206536207385 BID 98 222217
1781792206536465129 BID 96 328616
1781792206536956811 BID 96 118358
1781792206537100907 BID 95 196899
1781792206537319287 BID 95 258870
1781792206537602362 BID 94 135805
1781792206537788692 BID 94 228038
1781792206538041156 BID 93 192210
1781792206538272279 BID 93 245015
1781792206538549915 BID 92 204474
1781792206538777732 BID 92 237426
1781792206539241032 BID 91 125505
1781792206539392346 BID 91 348483
1781792206539800842 BID 90 297959
1781792206540125381 BID 90 358102
1781792206540540440 BID 89 222382
1781792206540831360 BID 89 190938
1781792206541058045 BID 88 379017
1781792206541524646 BID 88 234159
1781792206541777039 BID 87 228379
1781792206564781213 BID 87 208930
1781792206564828121 ASK 111 392544
1781792206565024718 BID 104 398328
1781792206565240773 ASK 114 40492929
1781792206645773585 ASK 114 1355112
1781792206646900850 BID 104 387357
1781792206647160648 ASK 115 401880
1781792206647314456 BID 103 515352
1781792206647661062 ASK 115 411152
1781792206647858322 BID 103 543441
1781792206648086770 ASK 116 699658
1781792206648428131 BID 102 632681
1781792206648859675 ASK 116 612880
1781792206649245850 BID 102 442380
1781792206649497171 ASK 117 539191
1781792206649703318 BID 101 719650
1781792206650136340 ASK 117 381956
1781792206650446301 BID 101 456928
1781792206650617813 ASK 118 450115
1781792206650957210 BID 100 573526
1781792206651112021 ASK 118 552776
1781792206651571993 BID 100 338145
1781792206651685707 ASK 119 1240246
1781792206652060269 BID 99 1139107
1781792206653215697 BID 99 231685
1781792206653471637 BID 98 309841
1781792206666641474 ASK 119 463299
1781792206667132685 ASK 113 746140
1781792206668424935 BID 98 104366
1781792206668555169 BID 97 1083548
1781792206669786093 BID 97 240501
1781792206670111353 BID 96 814729
1781792206710733259 BID 96 421837
1781792206711185714 BID 95 664362
1781792206711809929 ASK 113 243587
1781792206711868589 BID 95 414728
1781792206712077341 ASK 100 474355
1781792206712344322 BID 94 461060
1781792206712826742 BID 94 285550
1781792206713137450 BID 93 345764
1781792206713511497 BID 93 258970
1781792206713887657 BID 92 169212
1781792206714095592 BID 92 175900
1781792206714351542 BID 91 223690
1781792206714595950 BID 91 325792
1781792206714969080 BID 90 247390
1781792206715241807 BID 90 263084
1781792206715520971 BID 89 410069
1781792206726265843 BID 89 128241
1781792206726418931 BID 88 326757
1781792206726776256 BID 88 338261
1781792206727154931 BID 87 251071
1781792206735698513 BID 87 176601
1781792206735905091 BID 89 451587
1781792206758578454 ASK 100 207275
1781792206758901426 ASK 101 184159
1781792206759231799 ASK 101 134715
1781792206759463677 ASK 102 433273
1781792206760034768 ASK 102 281347
1781792206760352223 ASK 103 305493
1781792206760689446 ASK 103 343735
1781792206761057366 ASK 104 237025
1781792206761334366 ASK 104 697408
1781792206762097708 ASK 117 134632
1781792206781718416 ASK 117 171808
1781792206781937713 ASK 108 329177
1781792206827300352 BID 89 135419
1781792206827539105 BID 88 89999
1781792206827718822 BID 88 224897
1781792206828025793 BID 87 205416
1781792206835327825 ASK 108 123041
1781792206835489078 ASK 104 187572
1781792206845199475 ASK 104 145563
1781792206845424888 ASK 98 338914
1781792206880473194 BID 87 435998
1781792206881008458 BID 89 149494
1781792206921557672 BID 89 453150
1781792206922078339 BID 88 152190
1781792206922258201 BID 88 466290
1781792206922752353 BID 87 385533
1781792206923209020 BID 87 176701
1781792206923409977 BID 86 397365
1781792206923923029 BID 86 218380
1781792206924156327 BID 85 126202
1781792206924307937 BID 85 364012
1781792206924697917 BID 84 379307
1781792206925196829 BID 84 368682
1781792206925593213 BID 83 367148
1781792206926057573 BID 83 314590
1781792206926454017 BID 82 566403
1781792206968416864 ASK 98 215594
1781792206968679637 ASK 96 414377
1781792207000980909 BID 82 527214
1781792207001011437 ASK 96 775380
1781792207001538901 BID 89 482405
1781792207001814858 ASK 98 50666060
1781792207054096279 ASK 98 436479
1781792207054581499 ASK 99 629871
1781792207055238451 ASK 99 319249
1781792207055583348 ASK 100 373591
1781792207055982617 ASK 100 1045887
1781792207057054633 ASK 101 519785
1781792207057607089 ASK 101 422022
1781792207058137364 ASK 102 335940
1781792207058496458 ASK 102 314341
1781792207058843970 ASK 103 287820
1781792207066121631 ASK 103 201929
1781792207066431132 ASK 99 361117
1781792207106441302 ASK 99 270377
1781792207106740313 ASK 100 327084
1781792207107095941 ASK 100 265799
1781792207107386977 ASK 101 378796
1781792207107788846 ASK 101 351484
1781792207108167982 ASK 102 595687
1781792207108778477 ASK 102 147918
1781792207108937516 ASK 103 381475
1781792207120651037 BID 89 380749
1781792207121072101 BID 88 310983
1781792207121433098 BID 88 350056
1781792207121815846 BID 87 228044
1781792207122070139 BID 87 402575
1781792207122530863 BID 86 312100
1781792207122903016 BID 86 238988
1781792207123165829 BID 85 213590
1781792207123393906 BID 85 398959
1781792207123891991 BID 84 94727
1781792207124032524 BID 84 218710
1781792207124298934 BID 83 220954
1781792207124544525 BID 83 246923
1781792207124824149 BID 82 316744
1781792207125166982 BID 82 233799
1781792207125423554 BID 81 323544
1781792207135189620 ASK 103 334788
1781792207135598297 ASK 102 343153
1781792207160148527 ASK 102 268905
1781792207160449171 ASK 103 168724
1781792207160749622 ASK 103 340769
1781792207161124085 ASK 104 237307
1781792207161453044 ASK 104 240025
1781792207161722434 ASK 105 125641
1781792207161882640 ASK 105 348263
1781792207162253576 ASK 106 466495
1781792207162573516 BID 81 736452
1781792207162796023 ASK 106 658576
1781792207163329184 BID 91 393718
1781792207163468906 ASK 106 372539
1781792207263908069 BID 91 452837
1781792207264392104 BID 90 337310
1781792207264837727 BID 90 286453
1781792207265220681 BID 89 263359
1781792207267110462 ASK 106 517120
1781792207267639795 ASK 107 257908
1781792207268063614 ASK 107 210254
1781792207268300909 ASK 108 187332
1781792207268695880 ASK 108 136291
1781792207268857098 ASK 109 279805
1781792207269376547 ASK 109 102162
1781792207269503034 ASK 110 296252
1781792207269953856 ASK 110 150913
1781792207270129876 ASK 111 302402
1781792207270680454 ASK 111 198067
1781792207270902626 ASK 112 309480
1781792207271509739 ASK 112 183134
1781792207271750952 ASK 113 163086
1781792207272105617 ASK 113 172589
1781792207272303122 ASK 114 386651
1781792207272852408 ASK 114 221345
1781792207273096937 ASK 115 234469
1781792207273479394 ASK 115 182893
1781792207273687574 ASK 116 402175
1781792207274172515 ASK 116 244258
1781792207274455656 ASK 117 260979
1781792207275013372 ASK 117 246983
1781792207275287296 ASK 118 267251
1781792207275871562 ASK 118 218610
1781792207276233441 ASK 119 287058
1781792207276820241 ASK 119 133391
1781792207276980582 ASK 120 442380
1781792207277535193 ASK 120 221275
1781792207277812363 ASK 121 174186
1781792207278227531 ASK 121 202135
1781792207278458070 ASK 122 494317
1781792207279243796 ASK 122 167115
1781792207279445937 ASK 123 193103
1781792207279873790 ASK 123 141385
1781792207280096378 ASK 124 237195
1781792207280521866 ASK 124 148779
1781792207280696263 ASK 125 254758
1781792207281123715 ASK 125 159544
1781792207281357518 ASK 126 268023
1781792207281807683 ASK 126 143324
1781792207281994419 ASK 127 314240
1781792207282382486 ASK 127 177002
1781792207282584105 ASK 128 212638
1781792207283096846 ASK 128 120526
1781792207283252949 ASK 129 361062
1781792207283871770 ASK 129 145924
1781792207284040256 ASK 130 299542
1781792207284568738 ASK 130 122520
1781792207284716415 ASK 131 309286
1781792207285133733 ASK 131 152801
1781792207285355664 ASK 132 137283
1781792207285740762 ASK 132 104110
1781792207285915985 ASK 133 183713
1781792207286290375 ASK 133 254430
1781792207286587605 ASK 134 425719
1781792207287029254 ASK 134 121056
1781792207299807455 ASK 109 158863
1781792207300738181 ASK 109 126142
1781792207300887266 ASK 110 404694
1781792207301381909 ASK 110 173876
1781792207301585851 ASK 111 165471
1781792207301967297 ASK 111 144842
1781792207302138097 ASK 112 295775
1781792207302702366 ASK 112 144180
1781792207302869680 ASK 113 299471
1781792207303361270 ASK 113 103001
1781792207303528050 ASK 114 275191
1781792207303967359 ASK 114 158457
1781792207304191930 ASK 115 122751
1781792207304484670 ASK 115 127640
1781792207304679675 ASK 116 366959
1781792207305289830 ASK 116 187279
1781792207305502617 ASK 117 243557
1781792207305922966 ASK 117 182314
1781792207306171745 ASK 118 327595
1781792207306786838 ASK 118 231715
1781792207307046836 ASK 119 244294
1781792207307496736 ASK 119 274990
1781792207307880911 ASK 120 132684
1781792207308251286 ASK 120 209152
1781792207308486517 ASK 121 441603
1781792207309146881 ASK 121 135489
1781792207309307627 ASK 122 255419
1781792207309786075 ASK 122 133019
1781792207309943901 ASK 123 226374
1781792207310330907 ASK 123 168846
1781792207310722441 ASK 124 157656
1781792207311031030 ASK 124 127600
1781792207311184018 ASK 125 224481
1781792207311700767 ASK 125 191940
1781792207311954904 ASK 126 222797
1781792207312333665 ASK 126 147336
1781792207312564688 ASK 127 168125
1781792207312953557 ASK 127 143665
1781792207313120475 ASK 128 227492
1781792207313485363 ASK 128 233801
1781792207313748098 ASK 129 404900
1781792207314280126 ASK 129 139913
1781792207314440317 ASK 130 294572
1781792207314978394 ASK 130 145700
1781792207315166644 ASK 131 513803
1781792207315802372 ASK 131 134677
1781792207316009345 ASK 132 126837
1781792207316327942 ASK 132 117791
1781792207316502931 ASK 133 315617
1781792207316900842 ASK 133 204544
1781792207317132808 ASK 134 294442
1781792207317600595 ASK 134 196849
1781792207317877945 ASK 135 171387
1781792207318222086 ASK 135 167609
1781792207318448536 ASK 136 326502
1781792207318837285 ASK 136 124493
1781792207319031299 ASK 137 270507
1781792207319451527 ASK 137 162210
1781792207319701772 ASK 138 196528
1781792207320047375 ASK 138 113267
1781792207320229201 ASK 139 206778
1781792207320620991 ASK 139 171091
1781792207320816628 ASK 140 291848
1781792207321325037 ASK 140 244995
1781792207321593476 ASK 141 408265
1781792207322125314 ASK 141 171461
1781792207322340256 ASK 142 351680
1781792207322836437 ASK 142 237195
1781792207323127574 ASK 143 227737
1781792207323581676 ASK 143 489393
1781792207324118338 ASK 109 339922
1781792207346695386 ASK 109 172363
1781792207346899679 ASK 103 219552
1781792207407988121 ASK 103 275156
1781792207408308272 ASK 104 153217
1781792207408473522 ASK 104 282229
1781792207408774196 ASK 105 236213
1781792207409120235 ASK 105 231971
1781792207409375169 ASK 106 350221
1781792207409787026 ASK 106 266209
1781792207410120912 ASK 107 236735
1781792207410381732 ASK 107 320949
1781792207410758767 ASK 108 283662
1781792207411253976 ASK 108 228569
1781792207411583003 ASK 109 302289
1781792207426258487 BID 89 172002
1781792207426453212 BID 88 188193
1781792207426712568 BID 88 287559
1781792207427024754 BID 87 250384
1781792207427326064 BID 87 211241
1781792207427610573 BID 86 280898
1781792207427923079 BID 86 320762
1781792207428342045 BID 85 203662
1781792207428595210 BID 85 219011
1781792207428837765 BID 84 271490
1781792207429135654 BID 84 324194
1781792207429507607 BID 83 340289
1781792207429873434 BID 83 318122
1781792207430216862 BID 82 196815
1781792207430443223 BID 82 252725
1781792207430717367 BID 81 195817
1781792207474841768 BID 81 783259
1781792207475554094 ASK 109 365496
1781792207475644905 BID 94 370155
1781792207475942974 ASK 110 325099
1781792207476346510 ASK 110 370220
1781792207476745424 ASK 111 295494
1781792207477107353 ASK 111 329561
1781792207477520491 ASK 112 337854
1781792207579686230 BID 94 264346
1781792207579909298 BID 93 150382
1781792207579933804 ASK 112 355136
1781792207580074077 BID 93 505173
1781792207580310801 ASK 109 517286
1781792207580607623 BID 92 555608
1781792207581188318 BID 92 370287
1781792207581581418 BID 91 379324
1781792207581983515 BID 91 439003
1781792207582451262 BID 90 287940
1781792207582753439 BID 90 347677
1781792207583191756 BID 89 310793
1781792207583537174 BID 89 294783
1781792207583854599 BID 88 439946
1781792207584320864 BID 88 232136
1781792207584575803 BID 87 424271
1781792207585017556 BID 87 265844
1781792207585497657 BID 81 258525
1781792207591183704 BID 81 721754
1781792207591929002 BID 83 426655
1781792207617243892 ASK 109 493005
1781792207617789976 ASK 103 126382
1781792207658031825 ASK 103 10216231
1781792207668152617 BID 83 722385
1781792207668559180 ASK 112 723216
1781792207668901832 BID 106 40795061
1781792207713013219 BID 106 273974
1781792207713316659 BID 105 205009
1781792207713587792 BID 105 533731
1781792207714149255 BID 104 204985
1781792207714422198 BID 104 192281
1781792207714635478 BID 103 226896
1781792207714883393 BID 103 384802
1781792207715301708 BID 102 473097
1781792207715815271 BID 102 245400
1781792207716088704 BID 101 344726
1781792207716485328 BID 101 233354
1781792207716747636 BID 100 266990
1781792207717121667 BID 100 241398
1781792207717388883 BID 99 127464
1781792207717707956 BID 99 166813
1781792207717897582 BID 98 222438
1781792207718142341 BID 98 279019
1781792207718441839 BID 97 328818
1781792207718898195 BID 97 271960
1781792207719250807 BID 96 306035
1781792207719573131 BID 96 283392
1781792207719887350 BID 95 230873
1781792207720270589 BID 95 182853
1781792207720651935 BID 94 286378
1781792207720972045 BID 94 239329
1781792207721236411 BID 93 205526
1781792207721514934 BID 93 342332
1781792207721884096 BID 92 173335
1781792207722080635 BID 92 276264
1781792207722379591 BID 91 282044
1781792207722686010 BID 91 343830
1781792207723057883 BID 90 148338
1781792207723233533 BID 90 369158
1781792207723719279 BID 89 278613
1781792207724024862 BID 89 328685
1781792207724391037 BID 88 469783
1781792207724890386 BID 88 510604
1781792207725304287 ASK 112 851623
1781792207725433680 BID 87 921203
1781792207726183051 ASK 108 566112
1781792207726470200 BID 87 565967
1781792207726773018 ASK 108 518993
1781792207727063317 BID 86 694055
1781792207727355070 ASK 109 465453
1781792207727773152 BID 86 404200
1781792207727873292 ASK 109 607700
1781792207728257483 BID 85 533991
1781792207728507902 ASK 110 520487
1781792207728817203 BID 85 434364
1781792207729052915 ASK 110 445656
1781792207729277806 BID 84 496582
1781792207729564815 ASK 111 369894
1781792207729902859 BID 84 497494
1781792207729947032 ASK 111 524955
1781792207730417705 BID 83 131176
1781792207730483048 ASK 112 322781
1781792207774472141 ASK 112 461305
1781792207774964745 ASK 99 524001
1781792207775275737 BID 83 432120
1781792207775834745 BID 96 248298
1781792207847090437 ASK 99 782062
1781792207847671802 BID 96 282961
1781792207847886295 ASK 117 350217
1781792207848019134 BID 85 822452
1781792207864387811 ASK 117 293166
1781792207864710893 ASK 118 293896
1781792207865253986 ASK 118 110893
1781792207865424731 ASK 119 265904
1781792207865881253 ASK 119 175214
1781792207866097564 ASK 120 155707
1781792207866488522 ASK 120 275567
1781792207866793164 ASK 121 399891
1781792207867245743 ASK 121 230502
1781792207867508415 ASK 122 366463
1781792207867928308 ASK 122 330826
1781792207868286365 ASK 123 292955
1781792207868776150 ASK 123 319008
1781792207869139861 ASK 124 193756
1781792207869493865 ASK 124 111234
1781792207869740182 ASK 125 162355
1781792207870002629 ASK 125 413970
1781792207870370493 BID 85 368841
1781792207870440574 ASK 126 486906
1781792207870757469 BID 97 510279
1781792207871144156 ASK 126 420048
1781792207871593529 ASK 127 349466
1781792207872096843 ASK 127 133802
1781792207872265961 ASK 128 199674
1781792207872614935 ASK 128 212727
1781792207872894968 ASK 129 118144
1781792207873225018 ASK 129 134004
1781792207873420807 ASK 130 235271
1781792207873844662 ASK 130 144081
1781792207874014180 ASK 131 253295
1781792207874465036 ASK 131 131547
1781792207874705347 ASK 132 236499
1781792207875174523 ASK 132 164152
1781792207875362129 ASK 133 348779
1781792207875908469 ASK 133 219296
1781792207876150949 ASK 134 200826
1781792207876729003 ASK 134 479349
1781792207877232127 ASK 135 256319
1781792207877726174 ASK 135 163595
1781792207877916900 ASK 136 188356
1781792207878280193 ASK 136 131963
1781792207878440709 ASK 137 273865
1781792207878911297 ASK 137 102317
1781792207879048870 ASK 138 225002
1781792207879478898 ASK 138 187866
1781792207879742266 ASK 139 218229
1781792207880141936 ASK 139 178250
1781792207880347257 ASK 140 370495
1781792207880989596 ASK 140 208737
1781792207881285256 ASK 141 191369
1781792207881779033 ASK 141 204217
1781792207882009810 ASK 142 248776
1781792207882526249 ASK 142 269225
1781792207882825069 ASK 143 209494
1781792207883231091 ASK 143 115426
1781792207883371635 ASK 144 169458
1781792207883785977 ASK 144 113909
1781792207883968475 ASK 145 240601
1781792207884406516 ASK 145 139607
1781792207884577953 ASK 146 276634
1781792207884988598 ASK 146 100889
1781792207885116308 ASK 147 279224
1781792207885660769 ASK 147 171862
1781792207885857137 ASK 148 321995
1781792207886336136 ASK 148 137298
1781792207886611423 ASK 149 134873
1781792207886936994 ASK 149 281964
1781792207887242682 ASK 150 315287
1781792207887817500 ASK 150 105322
1781792207887948851 ASK 151 244128
1781792207888395796 ASK 151 91065
1781792207888509654 ASK 152 415841
1781792207889088950 ASK 152 288342
1781792207889404954 ASK 153 255199
1781792207889836433 ASK 153 274024
1781792207890172493 ASK 154 509886
1781792207890748744 ASK 154 116148
1781792207890882735 ASK 155 237125
1781792207891317311 ASK 155 276228
1781792207891717411 ASK 156 200967
1781792207891977249 ASK 156 139840
1781792207892147736 ASK 157 308381
1781792207892748075 ASK 157 189854
1781792207892988884 ASK 158 202081
1781792207893358099 ASK 158 135013
1781792207893518119 ASK 159 300604
1781792207894001486 ASK 159 177633
1781792207894204988 ASK 160 337965
1781792207894778764 ASK 160 165857
1781792207895047885 ASK 161 175423
1781792207895436158 ASK 161 156233
1781792207895694122 ASK 162 298049
1781792207896146070 ASK 162 211376
1781792207896394616 ASK 163 267718
1781792207896918108 ASK 163 110217
1781792207897055185 ASK 164 356306
1781792207897697079 ASK 164 156564
1781792207897879000 ASK 165 267282
1781792207898242943 ASK 165 170436
1781792207898438826 ASK 166 242850
1781792207898919653 ASK 166 227316
1781792207899184469 ASK 167 228349
1781792207899547100 ASK 167 243607
1781792207899818359 ASK 168 201989
1781792207900216230 ASK 168 140548
1781792207900466003 ASK 169 284482
1781792207900944912 ASK 169 204419
1781792207901177514 ASK 170 302281
1781792207901619914 ASK 170 160861
1781792207901870132 ASK 171 125977
1781792207902190173 ASK 171 320797
1781792207902581201 ASK 172 261427
1781792207903000388 ASK 172 154435
1781792207903177797 ASK 173 221670
1781792207903696244 ASK 173 187511
1781792207903944990 ASK 174 297167
1781792207904326516 ASK 174 233068
1781792207904585030 ASK 175 198629
1781792207904918853 ASK 175 169507
1781792207905152901 ASK 176 103810
1781792207905428944 ASK 176 180133
1781792207905706570 ASK 177 242825
1781792207906114415 ASK 177 133695
1781792207906276654 ASK 178 238698
1781792207906720898 ASK 178 207520
1781792207907031751 ASK 179 282039
1781792207907711186 ASK 179 206397
1781792207907942970 ASK 180 390599
1781792207908396406 ASK 180 104511
1781792207908567792 ASK 181 332544
1781792207909050338 ASK 181 179657
1781792207909252778 ASK 182 330990
1781792207909701058 ASK 182 126738
1781792207909857021 ASK 183 266037
1781792207910305853 ASK 183 197912
1781792207910528942 ASK 184 492313
1781792207911206172 ASK 184 237932
1781792207911472457 ASK 185 391840
1781792207912197417 ASK 185 136767
1781792207912391301 ASK 186 254788
1781792207912845667 ASK 186 277932
1781792207913172170 ASK 187 164659
1781792207913489295 ASK 187 161353
1781792207913681406 ASK 188 294958
1781792207914142095 ASK 188 243547
1781792207914411441 ASK 189 241698
1781792207914919919 ASK 189 253195
1781792207915199944 ASK 190 277120
1781792207915734577 ASK 190 164168
1781792207915925235 ASK 191 187838
1781792207916232918 ASK 191 228938
1781792207916526638 ASK 192 322430
1781792207917017133 ASK 192 138370
1781792207917188175 ASK 193 271560
1781792207917684566 ASK 193 120026
1781792207917823626 ASK 194 314606
1781792207918264108 ASK 194 243301
1781792207918541913 ASK 195 207389
1781792207918914042 ASK 195 208672
1781792207919151678 ASK 196 374538
1781792207919769196 ASK 196 218590
1781792207920016881 ASK 197 281669
1781792207920537717 ASK 197 318628
1781792207920972524 ASK 198 119044
1781792207921234936 ASK 198 108208
1781792207921371588 ASK 199 251041
1781792207921791315 ASK 199 122976
1781792207922013747 ASK 200 281518
1781792207922518952 ASK 200 186232
1781792207922735581 ASK 201 253886
1781792207923157753 ASK 201 121257
1781792207923369260 ASK 202 218299
1781792207923717253 ASK 202 157545
1781792207923973914 ASK 203 213566
1781792207924426980 ASK 203 288275
1781792207924746213 ASK 204 216617
1781792207925239148 ASK 204 121318
1781792207925424115 ASK 205 356018
1781792207925965651 ASK 205 209493
1781792207926262538 ASK 206 263181
1781792207926740434 ASK 206 161122
1781792207926927625 ASK 207 389942
1781792207927504337 ASK 207 242004
1781792207927774063 ASK 208 322049
1781792207928343822 ASK 208 193623
1781792207928587339 ASK 209 283192
1781792207929064013 ASK 209 299271
1781792207929391217 ASK 210 207860
1781792207929910601 ASK 210 215214
1781792207930150361 ASK 211 311414
1781792207930783118 ASK 211 774232
1781792207931573781 ASK 212 336041
1781792207931924700 ASK 212 188904
1781792207932209504 ASK 109 260609
1781792207970007953 BID 97 551309
1781792207970493454 ASK 109 340138
1781792207970653640 BID 96 400296
1781792207970991929 ASK 110 416962
1781792207971167118 BID 96 836519
1781792207971911434 ASK 110 146585
1781792207972020930 BID 85 221675
1781792207972215945 ASK 111 254999
1781792207972655545 ASK 111 124810
1781792207972832532 ASK 112 154661
1781792207973208037 ASK 112 136793
1781792207973396065 ASK 113 350371
1781792207973936944 ASK 113 146275
1781792207974107464 ASK 114 245498
1781792207974573238 ASK 114 167324
1781792207974768644 ASK 115 363733
1781792207975337321 ASK 115 105753
1781792207975519057 ASK 116 307352
1781792207975896981 ASK 116 149029
1781792207976071308 ASK 117 254327
1781792207976500453 ASK 117 187321
1781792207976718402 ASK 118 339998
1781792207977352351 ASK 118 163938
1781792207977538921 ASK 119 245461
1781792207977952537 ASK 119 125305
1781792207978104813 ASK 120 250670
1781792207978506196 ASK 120 176110
1781792207978712603 ASK 121 228103
1781792207979127562 ASK 121 137112
1781792207979341909 ASK 122 388493
1781792207979902075 ASK 122 165901
1781792207980235500 ASK 123 177754
1781792207980555660 ASK 123 198693
1781792207980792765 ASK 124 307742
1781792207981313342 ASK 124 125686
1781792207981467371 ASK 125 417012
1781792207982043983 ASK 125 287695
1781792207982356675 ASK 126 241938
1781792207982853882 ASK 126 193538
1781792207983079861 ASK 127 251882
1781792207983509272 ASK 127 177903
1781792207983719386 ASK 128 316822
1781792207984197789 ASK 128 173399
1781792207984455467 ASK 129 164183
1781792207984771144 ASK 129 147970
1781792207984944752 ASK 130 223518
1781792207985355916 ASK 130 172649
1781792207985553172 ASK 131 436047
1781792207986048730 ASK 131 150308
1781792207986258148 ASK 132 364755
1781792207986958052 ASK 132 219166
1781792207987312702 ASK 133 201422
1781792207987785544 ASK 133 304862
1781792207988154266 ASK 134 247866
1781792207988582720 ASK 134 160861
1781792207988772646 ASK 135 390412
1781792207989259519 ASK 135 212308
1781792207989496614 ASK 136 296496
1781792207990282979 ASK 136 428774
1781792207990729787 ASK 111 366368
1781792208080602222 BID 85 230903
1781792208081091019 BID 98 369769
1781792208127857358 BID 98 294372
1781792208128182277 BID 99 424427
1781792208179889855 BID 99 194085
1781792208180157448 BID 98 220428
1781792208190324992 BID 98 301751
1781792208190760684 BID 102 337974
1781792208205230414 ASK 111 634966
1781792208205902891 ASK 107 134822
1781792208208967347 BID 102 278951
1781792208209292235 BID 101 451431
1781792208209781256 BID 101 160758
1781792208210048794 BID 100 137518
1781792208210197984 BID 100 242009
1781792208210468516 BID 99 372489
1781792208210870400 BID 99 206938
1781792208211099409 BID 98 252098
1781792208243186623 ASK 107 111942
1781792208243456942 ASK 108 342450
1781792208243997003 ASK 108 345288
1781792208244373429 ASK 109 457358
1781792208244861756 ASK 109 195624
1781792208245154563 ASK 110 346735
1781792208245531474 ASK 110 444003
1781792208246002819 ASK 111 246092
1781792208281782992 BID 98 41275382
1781792208323099922 BID 91 255940
1781792208326403260 ASK 111 224271
1781792208326688505 ASK 110 204163
1781792208376327101 BID 91 131811
1781792208376356165 ASK 110 612273
1781792208376506632 BID 90 666600
1781792208377015206 ASK 96 407113
1781792208400800286 BID 90 185188
1781792208401074651 BID 91 493405
1781792208438533855 ASK 96 428003
1781792208438824047 BID 91 546885
1781792208439030997 ASK 97 532569
1781792208439410497 BID 90 633901
1781792208439591589 ASK 97 921719
1781792208440620299 ASK 98 324124
1781792208441031966 ASK 98 162465
1781792208441264573 ASK 99 252868
1781792208441552216 ASK 99 725221
1781792208442314988 ASK 100 760557
1781792208443094761 ASK 100 283631
1781792208443722478 ASK 110 248566
1781792208521356158 BID 90 1581446
1781792208523034396 BID 104 145683
1781792208639702853 ASK 110 179256
1781792208639911885 ASK 108 327677
1781792208641409446 BID 104 228008
1781792208641492883 ASK 108 476684
1781792208641702857 BID 103 618170
1781792208641995075 ASK 109 749111
1781792208642353939 BID 103 705259
1781792208642850987 ASK 109 910653
1781792208643085667 BID 102 1050415
1781792208643808037 ASK 110 859311
1781792208644162011 BID 102 1154986
1781792208645376168 BID 101 343034
1781792208645742335 BID 101 406599
1781792208646176245 BID 100 484994
1781792208646688270 BID 100 473708
1781792208647215950 BID 99 365876
1781792208647697473 BID 99 610325
1781792208648338565 BID 98 313013
1781792208648681665 BID 98 398372
1781792208649105494 BID 97 359094
1781792208649491268 BID 97 328262
1781792208649851440 BID 96 809573
1781792208650699114 BID 96 448001
1781792208651279904 BID 91 505528
1781792208666384360 BID 91 248621
1781792208666773996 BID 90 208351
1781792208731583252 ASK 110 274870
1781792208731899510 ASK 106 296947
1781792208737859632 ASK 106 262537
1781792208738147456 ASK 107 299236
1781792208738468714 ASK 107 319800
1781792208738812338 ASK 108 996349
1781792208739837090 ASK 108 233624
1781792208740206378 ASK 104 321088
1781792208744372755 BID 90 188503
1781792208744597877 BID 89 337964
1781792208744960097 BID 89 372640
1781792208745390875 BID 88 302197
1781792208745732235 BID 88 253115
1781792208746060671 BID 87 219352
1781792208746307585 BID 87 375173
1781792208746696374 BID 85 201247
1781792208794389195 ASK 104 313302
1781792208794798528 ASK 105 696541
1781792208795575791 ASK 105 371717
1781792208795992673 ASK 98 379983
1781792208812430991 ASK 98 587270
1781792208813034601 ASK 106 281909
1781792208821352317 ASK 106 353218
1781792208821742564 ASK 104 368251
1781792208851753735 BID 85 256361
1781792208852035864 BID 84 357611
1781792208852445663 BID 84 391324
1781792208852881361 BID 83 340518
1781792208853246405 BID 83 276018
1781792208853544174 BID 82 331918
1781792208853925525 BID 82 420729
1781792208854377392 BID 81 421960
1781792208874095353 ASK 104 127940
1781792208874304285 ASK 105 441352
1781792208874656936 BID 81 422913
1781792208874773870 ASK 105 542714
1781792208875171251 BID 98 456747
1781792208875356829 ASK 106 565191
1781792208875949141 ASK 106 231814
1781792208876211502 ASK 107 309872
1781792208876541191 ASK 107 310813
1781792208876870268 ASK 108 292709
1781792208877179438 ASK 108 331382
1781792208877534204 ASK 109 303039
1781792208877874953 ASK 109 312075
1781792208878219279 ASK 110 219722
1781792208879799719 BID 98 293391
1781792208880137824 BID 97 348416
1781792208880520975 BID 97 199702
1781792208880748118 BID 96 314175
1781792208881089383 BID 96 174808
1781792208881326428 BID 95 170029
1781792208881554225 BID 95 173806
1781792208881788325 BID 94 189756
1781792208882031100 BID 94 167202
1781792208882228679 BID 93 435439
1781792208882737335 BID 93 120872
1781792208882881251 BID 92 252658
1781792208883160749 BID 92 274245
1781792208883461724 BID 91 208115
1781792208883730202 BID 91 417689
1781792208884240414 BID 90 200577
1781792208884464786 BID 90 357781
1781792208884851030 BID 89 463264
1781792208885371442 BID 89 337899
1781792208885746610 BID 88 409223
1781792208886180980 BID 88 302488
1781792208886510148 BID 87 491307
1781792208887061638 BID 87 349280
1781792208887437208 BID 86 332673
1781792208887799757 BID 86 248200
1781792208888144428 BID 85 335289
1781792208888508271 BID 85 188353
1781792208888770252 BID 84 298468
1781792208889164640 BID 84 426701
1781792208889613983 BID 83 463261
1781792208890197971 BID 83 387998
1781792208890704641 BID 82 370105
1781792208891104071 BID 82 451076
1781792208891579813 BID 81 219622
1781792208905588073 ASK 110 226454
1781792208905901771 ASK 100 227091
1781792208926472892 ASK 100 46372049
1781792208972894504 ASK 110 540444
1781792208984452151 ASK 110 231966
1781792208984718291 ASK 108 490971
1781792209005811657 BID 81 168881
1781792209006012298 BID 101 408466
1781792209015092171 BID 101 328903
1781792209015449417 BID 100 468789
1781792209015946129 BID 100 299851
1781792209016267811 BID 99 337223
1781792209016627196 BID 99 344641
1781792209017093716 BID 98 179487
1781792209017468379 BID 98 355316
1781792209017893536 BID 97 548399
1781792209018479906 BID 97 325541
1781792209019215076 BID 96 160441
1781792209019497856 BID 96 624462
1781792209020148878 BID 95 318487
1781792209020494185 BID 95 309742
1781792209020931506 BID 94 527720
1781792209021487228 BID 94 430583
1781792209021945332 BID 93 295640
1781792209022270427 BID 93 384978
1781792209022683919 BID 92 425007
1781792209023136047 BID 92 275141
1781792209023436986 BID 91 313087
1781792209023781442 BID 91 213741
1781792209024039296 BID 90 291216
1781792209024349257 BID 90 404028
1781792209024780346 BID 89 273268
1781792209025083621 BID 89 238121
1781792209025354964 BID 88 346800
1781792209025737201 BID 88 339517
1781792209026142071 BID 87 295274
1781792209026496175 BID 87 211777
1781792209026733551 BID 86 282290
1781792209027033383 BID 86 221676
1781792209027322826 BID 85 254898
1781792209027605937 BID 85 201403
1781792209027867213 BID 84 261429
1781792209028153078 BID 84 588690
1781792209028672257 ASK 108 215705
1781792209028774760 BID 83 382838
1781792209028915684 ASK 109 536302
1781792209029295126 BID 83 380203
1781792209029481892 ASK 109 428137
1781792209029706267 BID 82 494117
1781792209029973148 ASK 110 497333
1781792209030233847 BID 82 567821
1781792209030827175 BID 81 183279
1781792209034030319 BID 81 170665
1781792209034276005 BID 101 217994
1781792209035111287 ASK 110 222146
1781792209035187300 BID 101 791635
1781792209035367858 ASK 111 1229156
1781792209036060337 BID 100 691277
1781792209036653130 ASK 111 431003
1781792209036782222 BID 100 806684
1781792209037137142 ASK 112 799182
1781792209037615194 BID 99 870273
1781792209038207024 ASK 112 647685
1781792209038499283 BID 99 564709
1781792209038888533 ASK 113 521358
1781792209039681015 BID 81 138214
1781792209039707495 ASK 113 356392
1781792209040085959 ASK 114 173916
1781792209040406396 ASK 114 97733
1781792209040557610 ASK 115 144090
1781792209040882784 ASK 115 164755
1781792209041074219 ASK 116 201803
1781792209041490625 ASK 116 150009
1781792209041699915 ASK 117 153650
1781792209042024226 ASK 117 206783
1781792209042259913 ASK 118 282470
1781792209042705303 ASK 118 328381
1781792209043064241 ASK 119 162937
1781792209043464974 ASK 119 208906
1781792209043702744 ASK 120 351790
1781792209044350379 ASK 120 239667
1781792209044631715 ASK 121 336483
1781792209045257141 ASK 121 249769
1781792209045537977 ASK 122 179266
1781792209045893975 ASK 122 175770
1781792209046095734 ASK 123 247955
1781792209046496530 ASK 123 293035
1781792209046846041 ASK 124 235668
1781792209047286477 ASK 124 213591
1781792209047526899 ASK 125 282540
1781792209048004915 ASK 125 195156
1781792209048227803 ASK 126 168556
1781792209048661342 ASK 126 195457
1781792209048880933 ASK 127 179387
1781792209049341793 ASK 127 160141
1781792209049546688 ASK 128 350016
1781792209050063142 ASK 128 175013
1781792209050264134 ASK 129 194815
1781792209050710541 ASK 129 113723
1781792209050848720 ASK 130 500880
1781792209051364618 ASK 130 121036
1781792209060718771 ASK 102 204409
1781792209068232492 BID 81 120366
1781792209068442977 BID 94 247775
1781792209091298729 BID 94 434921
1781792209091799423 BID 93 405787
1781792209092259952 BID 93 234766
1781792209092519454 BID 92 338826
1781792209092902513 BID 92 400491
1781792209093337569 BID 91 369703
1781792209093739753 BID 91 204544
1781792209093965928 BID 90 184025
1781792209094178667 BID 90 151203
1781792209094348265 BID 89 347597
1781792209094723825 BID 89 268469
1781792209095018502 BID 88 195266
1781792209095243144 BID 88 307818
1781792209095586338 BID 87 206988
1781792209096006566 BID 87 147396
1781792209096186183 BID 86 241272
1781792209096519648 BID 86 175860
1781792209096841823 BID 85 223930
1781792209097152666 BID 85 123857
1781792209097301130 BID 84 407850
1781792209097745338 BID 84 319860
1781792209098091798 BID 83 313528
1781792209098527015 BID 83 329798
1781792209098930662 BID 82 250319
1781792209099194286 BID 82 180980
1781792209099391917 BID 81 311334
1781792209111520600 ASK 102 220419
1781792209111773631 ASK 86 360961
1781792209114060019 ASK 86 14988863
1781792209128998037 BID 81 341230
1781792209129067106 ASK 102 425078
1781792209129371948 BID 95 40595868
1781792209234246731 ASK 102 294603
1781792209234599203 ASK 103 272231
1781792209234937056 ASK 103 282119
1781792209235244523 ASK 104 190463
1781792209235688982 ASK 104 191775
1781792209235907487 ASK 105 222126
1781792209236326392 ASK 105 110327
1781792209236466355 ASK 106 354415
1781792209236998774 ASK 106 96481
1781792209237120392 ASK 107 258675
1781792209237571919 ASK 107 157305
1781792209237773778 ASK 108 398587
1781792209238187334 ASK 108 178485
1781792209349176497 ASK 108 157105
1781792209372912682 BID 95 381981
1781792209372945363 ASK 108 788444
1781792209373460574 BID 94 629782
1781792209373873529 ASK 99 741972
1781792209374188209 BID 94 518052
1781792209374733011 BID 93 342723
1781792209375157618 BID 93 196478
1781792209375504689 BID 92 233303
1781792209378027019 BID 92 207782
1781792209378268905 BID 91 435237
1781792209378733636 BID 91 199314
1781792209379005837 BID 90 177202
1781792209379242812 BID 90 250450
1781792209379522546 BID 89 258335
1781792209379819233 BID 89 195267
1781792209380036109 BID 88 358599
1781792209380422440 BID 88 245104
1781792209380698873 BID 87 354676
1781792209381081942 BID 87 288250
1781792209381387986 BID 86 465950
1781792209381879364 BID 86 553332
1781792209382447764 BID 81 200472
1781792209417722464 ASK 99 151484
1781792209417925916 ASK 96 360501
1781792209427232755 BID 81 202665
1781792209427513256 BID 92 645170
1781792209459996154 ASK 96 40689251
1781792209500730009 ASK 99 256662
1781792209502242056 BID 92 373220
1781792209502779554 BID 91 180118
1781792209503016609 BID 91 273142
1781792209503317473 BID 90 384952
1781792209503726441 BID 90 326401
1781792209504085913 BID 89 248688
1781792209504379235 BID 89 334368
1781792209504777853 BID 88 304762
1781792209505110417 BID 88 224621
1781792209505434475 BID 87 340236
1781792209505803074 BID 87 231862
1781792209506097734 BID 86 302122
1781792209506448447 BID 86 359014
1781792209506834251 BID 85 236584
1781792209507093838 BID 85 294362
1781792209507417625 BID 84 277465
1781792209507755884 BID 84 300935
1781792209508083950 BID 83 210540
1781792209508306723 BID 83 320952
1781792209508710872 BID 82 443091
1781792209509169091 BID 82 120486
1781792209509549244 BID 79 142157
1781792209526967860 BID 79 335259
1781792209527324259 BID 89 217378
1781792209590463723 BID 89 281509
1781792209590892087 BID 88 163790
1781792209591090782 BID 88 461994
1781792209591579205 BID 87 129042
1781792209591788909 BID 87 297298
1781792209592146270 BID 86 181385
1781792209592353313 BID 86 315772
1781792209592695625 BID 85 232963
1781792209592952923 BID 85 179167
1781792209593148721 BID 84 336832
1781792209593509598 BID 84 713002
1781792209594167977 ASK 99 136025
1781792209594235103 BID 79 576762
1781792209594321966 ASK 108 41386556
1781792209669244992 BID 79 131907
1781792209669402187 BID 84 483296
1781792209712876484 BID 84 171882
1781792209713083422 BID 85 348348
1781792209739789687 BID 85 337374
1781792209740168248 BID 84 284438
1781792209811356732 BID 84 213170
1781792209811613614 BID 87 448706
1781792209842289562 BID 87 495209
1781792209842574857 ASK 108 359334
1781792209842820899 BID 86 397736
1781792209843131792 ASK 92 460253
1781792209843236408 BID 86 670868
1781792209843970745 BID 85 440206
1781792209844437581 BID 85 557366
1781792209845016428 BID 84 509787
1781792209845555549 BID 84 291611
1781792209845970923 BID 83 174537
1781792209846234567 BID 83 475387
1781792209846739440 BID 79 209402
1781792209853576506 ASK 92 190007
1781792209853795647 ASK 86 196383
1781792209889403382 BID 79 421896
1781792209889891041 BID 81 274134
1781792209924047258 BID 81 109235
1781792209924172603 BID 80 266848
1781792209924468857 BID 80 283003
1781792209924827372 BID 79 154279
1781792209928828437 ASK 86 435687
1781792209929279804 ASK 92 167785
1781792209954320581 BID 79 121728
1781792209954467807 BID 78 339847
1781792209954877736 BID 78 273513
1781792209955239254 BID 77 318843
1781792209955582733 BID 77 315297
1781792209955962822 BID 76 209212
1781792209956266802 BID 76 192862
1781792209956486434 BID 75 210845
1781792209956721325 BID 75 298294
1781792209957092386 BID 74 345063
1781792209957484316 BID 74 178294
1781792209957687437 BID 73 490418
1781792209958206719 BID 73 326029
1781792209958567955 BID 72 416957
1781792209959061886 BID 72 175548
1781792209959490319 BID 71 103834
1781792209959607308 BID 71 392277
1781792209960021596 BID 70 340789
1781792209960515703 BID 70 275617
1781792209960821867 BID 69 419096
1781792209961320222 BID 69 368742
1781792209961787338 BID 68 295820
1781792209962133262 BID 68 519475
1781792209962678645 BID 67 406338
1781792209963113737 BID 67 632907
1781792209963771621 BID 66 320757
1781792209977627112 BID 66 266376
1781792209977916652 BID 70 588348
1781792210043586042 BID 70 778711
1781792210044385502 BID 88 391755
1781792210063709865 BID 88 53578553
1781792210117340576 BID 72 641965
1781792210118000494 BID 72 206176
1781792210118251414 BID 89 251141
1781792210180273547 ASK 92 226264
1781792210180549384 ASK 94 250648
1781792210180829037 ASK 94 424026
1781792210181272238 ASK 102 170787
1781792210197657699 BID 89 211176
1781792210197900364 BID 88 463608
1781792210198403967 BID 88 307594
1781792210198758419 BID 87 387668
1781792210199182345 BID 87 195847
1781792210199389414 BID 86 425439
1781792210199849236 BID 86 158768
1781792210200044192 BID 85 224636
1781792210228985655 ASK 102 461691
1781792210229465581 ASK 100 275552
1781792210283142377 BID 85 341831
1781792210283514846 BID 93 429105
1781792210285275970 ASK 100 129783
1781792210285432223 ASK 96 333716
1781792210330383631 ASK 96 462197
1781792210330877217 ASK 97 158963
1781792210331061758 ASK 97 308769
1781792210331402267 ASK 98 345468
1781792210331776669 ASK 98 143415
1781792210331943057 ASK 99 320451
1781792210332367774 ASK 99 194184
1781792210332586373 ASK 100 389320
1781792210362239713 BID 93 608451
1781792210362707591 ASK 100 332594
1781792210362891075 BID 92 534312
1781792210363059511 ASK 101 805358
1781792210363475251 BID 92 550292
1781792210363888464 ASK 101 536938
1781792210364056070 BID 91 485596
1781792210364450748 ASK 102 434498
1781792210364563146 BID 91 593388
1781792210364909401 ASK 102 544822
1781792210365181301 BID 90 520076
1781792210365486353 ASK 103 773777
1781792210365715924 BID 90 767165
1781792210366284496 ASK 103 565682
1781792210366509108 BID 91 714455
1781792210366932121 ASK 104 564912
1781792210367527851 ASK 104 453603
1781792210368009417 ASK 105 359504
1781792210368396613 ASK 105 329408
1781792210368831860 ASK 106 259757
1781792210369138465 ASK 106 191469
1781792210369521403 ASK 107 184972
1781792210369735600 ASK 107 361970
1781792210370109893 ASK 108 185357
1781792210378172587 ASK 108 285531
1781792210378628668 ASK 107 715082
1781792210390043903 ASK 107 810170
1781792210390884560 ASK 108 377478
1781792210439127287 BID 91 149185
1781792210439299065 BID 99 488373
1781792210464460998 ASK 108 312215
1781792210464806606 ASK 109 210846
1781792210465104696 ASK 109 119233
1781792210465388238 ASK 110 155170
1781792210465594103 ASK 110 227257
1781792210465894617 ASK 111 250189
1781792210466165836 ASK 111 258160
1781792210466451368 ASK 112 302312
1781792210466822117 ASK 112 312202
1781792210467161500 ASK 113 244523
1781792210467433765 ASK 113 96270
1781792210467692240 ASK 114 163066
1781792210467911772 ASK 114 191274
1781792210468162908 ASK 115 190773
1781792210468527607 ASK 115 356516
1781792210468912988 ASK 116 350180
1781792210469317919 ASK 116 186390
1781792210469560835 ASK 117 219552
1781792210469804823 ASK 117 182352
1781792210470070010 ASK 118 147316
1781792210476234150 BID 99 181028
1781792210476496882 BID 98 132704
1781792210476670262 BID 98 347833
1781792210477052920 BID 97 351936
1781792210477478514 BID 97 432043
1781792210477936947 BID 91 344935
1781792210483127386 BID 91 312196
1781792210483466122 BID 99 231163
1781792210492611148 BID 99 268824
1781792210492911802 BID 98 388288
1781792210493335647 BID 98 409137
1781792210493808264 BID 97 243703
1781792210494077755 BID 97 214938
1781792210494350220 BID 96 372805
1781792210494763651 BID 96 201924
1781792210494985993 BID 95 540193
1781792210495541355 BID 95 253019
1781792210495983419 BID 91 180353
1781792210523462092 ASK 118 321128
1781792210523826071 ASK 109 923918
1781792210570343041 BID 91 264907
1781792210570637293 BID 90 332304
1781792210570997218 BID 90 162054
1781792210571235525 BID 89 155202
1781792210571416315 BID 89 261931
1781792210571802559 BID 88 382838
1781792210590608318 BID 88 220211
1781792210590870758 BID 91 396336
1781792210620337309 BID 91 249659
1781792210620371123 ASK 109 341260
1781792210620679151 BID 90 304611
1781792210620723604 ASK 100 529393
1781792210621062089 BID 90 520872
1781792210621611525 BID 89 221962
1781792210621926922 BID 89 159569
1781792210622119583 BID 88 259607
1781792210655176026 ASK 100 375295
1781792210655584884 ASK 98 380633
1781792210715511155 BID 88 342087
1781792210715892726 BID 92 404965
1781792210724733296 ASK 98 388553
1781792210725164710 ASK 99 312507
1781792210725510770 ASK 99 526998
1781792210726071671 ASK 100 394200
1781792210741850632 ASK 100 727279
1781792210742611544 ASK 101 722316
1781792210743360890 ASK 101 147916
1781792210743676190 ASK 102 256313
1781792210743960556 ASK 102 330430
1781792210744326833 ASK 103 219376
1781792210744582727 ASK 103 228940
1781792210744871710 ASK 104 186234
1781792210745217914 ASK 104 115306
1781792210745570035 ASK 105 317185
1781792210745914551 ASK 105 113553
1781792210746092445 ASK 106 302377
1781792210746418266 ASK 106 110017
1781792210746753355 ASK 107 251171
1781792210747066893 ASK 107 331332
1781792210747419094 ASK 108 172954
1781792210747694651 ASK 108 210004
1781792210747935112 ASK 109 199594
1781792210763835215 BID 92 241873
1781792210764120821 BID 91 451653
1781792210764606146 BID 91 314901
1781792210764960090 BID 90 348959
1781792210765343634 BID 90 478458
1781792210765866781 BID 89 399848
1781792210766296034 BID 89 374755
1781792210766706095 BID 88 525146
1781792210768172356 ASK 109 127479
1781792210768376559 ASK 106 359034
1781792210773303983 BID 88 169283
1781792210773497902 BID 98 249904
1781792210818413574 ASK 106 205521
1781792210818750702 ASK 107 435521
1781792210819201582 ASK 107 353078
1781792210819665508 ASK 108 174677
1781792210819862567 ASK 108 443372
1781792210820353087 ASK 109 229832
1781792210849037146 ASK 109 223492
1781792210849325660 ASK 106 166587
1781792210854801542 BID 98 101906
1781792210854926902 BID 97 266594
1781792210855279307 BID 97 379279
1781792210855692088 BID 96 449087
1781792210856176371 BID 96 118678
1781792210856318443 BID 95 636950
1781792210856980931 BID 95 247048
1781792210857267213 BID 94 401428
1781792210857694971 BID 94 514600
1781792210858237182 BID 93 147087
1781792210858452337 BID 93 529287
1781792210859043280 BID 88 434345
1781792210893978668 ASK 106 336932
1781792210894447358 ASK 107 697178
1781792210895178439 ASK 107 417413
1781792210895628193 ASK 108 580797
1781792210917265054 ASK 108 360010
1781792210917692059 ASK 106 515082
1781792210921624251 ASK 106 53238873
1781792210974956349 ASK 100 638655
1781792211000567936 ASK 100 633010
1781792211001226925 ASK 101 565180
1781792211001932458 ASK 101 252043
1781792211002214668 ASK 102 331702
1781792211002576797 ASK 102 274234
1781792211003043853 ASK 103 289954
1781792211003405061 ASK 103 413967
1781792211003890211 ASK 104 357591
1781792211004262189 ASK 104 349635
1781792211004646269 ASK 105 437030
1781792211005115680 ASK 105 564579
1781792211005760710 ASK 106 754035
1781792211006531556 ASK 106 659345
1781792211007224143 ASK 107 434215
1781792211007782400 ASK 107 346658
1781792211008160837 ASK 108 377078
1781792211008571127 ASK 108 786892
1781792211009377275 ASK 109 277336
1781792211027606753 BID 88 196739
1781792211027851422 BID 87 457278
1781792211028336762 BID 87 332854
1781792211028700735 BID 86 398447
1781792211136434021 ASK 109 354371
1781792211136713165 BID 86 259653
1781792211136818268 ASK 108 502186
1781792211137117028 BID 102 282134
1781792211178541164 ASK 108 334778
1781792211179125019 ASK 105 268755
1781792211251005782 BID 102 186455
1781792211251222373 BID 100 253576
1781792211309990657 BID 100 435502
1781792211310043607 ASK 105 721228
1781792211310452839 BID 99 611387
1781792211310798788 ASK 106 515487
1781792211311086398 BID 99 618605
1781792211311326728 ASK 106 487786
1781792211311722736 BID 95 388455
1781792211311840362 ASK 107 635808
1781792211327811625 ASK 107 615816
1781792211328469499 ASK 108 274731
1781792211332607852 ASK 108 505348
1781792211333152394 ASK 102 517198
1781792211420999204 BID 95 202875
1781792211421263304 BID 99 228990
1781792211469417343 BID 99 271161
1781792211469734951 BID 91 249348
1781792211470132848 BID 91 142462
1781792211470353577 BID 90 228198
1781792211470618494 BID 90 621767
1781792211471270678 BID 89 246942
1781792211471548098 BID 89 426000
1781792211471999956 BID 88 401988
1781792211472438263 BID 88 454448
1781792211472929129 BID 87 245290
1781792211473204395 BID 87 469677
1781792211473711622 BID 86 147547
1781792211509101252 BID 86 337313
1781792211509475284 BID 91 601162
1781792211532370755 ASK 102 1681114
1781792211534107483 ASK 98 374783
1781792211556568450 ASK 98 42759111
1781792211599387974 ASK 107 529073
1781792211599879337 BID 91 256591
1781792211600193596 BID 90 325014
1781792211600548516 BID 90 378989
1781792211601016913 BID 89 594287
1781792211601635095 BID 89 343835
1781792211602276524 BID 86 114725
1781792211604134824 BID 86 559911
1781792211604477635 ASK 107 513496
1781792211604947890 BID 85 277160
1781792211605076181 ASK 114 657213
1781792211605368389 BID 85 1102658
1781792211605755245 ASK 114 936837
1781792211606509119 BID 79 486282
1781792211606710296 ASK 118 581971
1781792211607257913 BID 79 224651
1781792211607311463 ASK 118 434826
1781792211607570570 BID 78 419688
1781792211607838642 ASK 86 369073
1781792211608011066 BID 78 41300721
1781792211649351531 BID 62 443312
1781792211755602515 BID 62 346636
1781792211755985769 BID 66 510312
1781792211758207302 BID 66 665679
1781792211758891856 BID 74 323728
1781792211759053119 ASK 86 635682
1781792211759804529 ASK 87 938000
1781792211760767154 ASK 87 835097
1781792211761713760 ASK 88 255740
1781792211762143026 ASK 88 201999
1781792211762376343 ASK 89 406423
1781792211762840735 ASK 89 339087
1781792211763213874 ASK 90 573206
1781792211763818168 ASK 90 410726
1781792211764256907 ASK 91 434836
1781792211796143791 BID 74 219867
1781792211796391581 BID 78 397130
1781792211875660843 BID 78 302608
1781792211876160661 BID 88 126808
1781792211916060342 ASK 91 219382
1781792211916307035 ASK 92 489979
1781792211916828733 ASK 92 299498
1781792211917149992 ASK 93 407539
1781792211917730666 ASK 93 536466
1781792211918288102 ASK 94 373951
1781792211991500057 BID 88 338655
1781792211991863800 BID 87 133521
1781792212054001557 ASK 94 238038
1781792212054323052 ASK 90 371116
1781792212074523356 ASK 90 4621982
