1781792247429762164 BID 98 213776
1781792247429799895 ASK 102 65016784
1781792249069092990 ASK 102 235111
1781792249069357266 ASK 103 445887
1781792249135868440 ASK 103 499247
1781792249136395269 ASK 104 1145598
1781792249170453601 BID 98 307522
1781792249170805987 BID 97 1047550
1781792249187385500 BID 97 1574273
1781792249188998586 BID 96 953378
1781792249196094939 ASK 104 3422330
1781792249199550652 ASK 105 2132771
1781792249206185478 ASK 105 1060400
1781792249207278740 ASK 103 982162
1781792249212536183 BID 96 1111224
1781792249213740682 BID 95 1851180
1781792249215346813 ASK 103 1013972
1781792249216390571 ASK 104 1460770
1781792249217902798 ASK 104 1759771
1781792249219696633 ASK 105 734658
1781792249224949936 ASK 105 244088
1781792249225220644 ASK 99 781626
1781792249250134602 ASK 99 613681
1781792249250780363 ASK 100 1967792
1781792249252799612 ASK 100 3957123
1781792249256800097 ASK 101 3327662
1781792249260169648 ASK 101 1546712
1781792249261752758 ASK 102 766528
1781792249262556606 ASK 102 1085586
1781792249263709288 ASK 103 1140290
1781792249264916814 ASK 103 815349
1781792249265815700 ASK 104 1502919
1781792249267352082 ASK 104 1055580
1781792249268445153 ASK 105 1431245
1781792249273526485 BID 95 778651
1781792249274350681 BID 94 1443288
1781792249279984160 ASK 105 2789333
1781792249282862089 ASK 101 4355400
1781792249295448120 ASK 101 2148090
1781792249297669057 ASK 102 3745987
1781792249301500414 ASK 102 5240502
1781792249306773847 ASK 103 3365759
1781792249310184911 ASK 103 2184253
1781792249312449585 ASK 99 3000338
1781792249314718070 BID 94 3744906
1781792249317086564 ASK 99 2614354
1781792249318499064 BID 93 2595148
1781792249319798642 ASK 103 7496765
1781792249327198764 BID 93 2143642
1781792249327410702 ASK 103 3466854
1781792249329424139 BID 94 2394031
1781792249331037897 ASK 104 4271167
1781792249335035440 BID 94 4274539
1781792249339274683 ASK 104 5127156
1781792249339327222 BID 93 7694843
1781792249344435192 ASK 101 4860170
1781792249347555205 BID 93 43147164
1781792249349327863 ASK 101 41573880
1781792249390806835 BID 94 3157411
1781792249391003594 ASK 106 4089750
1781792249393994102 BID 94 2281640
1781792249396301681 BID 93 1176357
1781792249397506972 BID 93 1260489
1781792249398807917 BID 92 2229167
1781792249408550893 ASK 106 1658652
1781792249410244670 ASK 102 1869465
1781792249412139372 ASK 102 1067022
1781792249413234457 ASK 103 1540640
1781792249414803109 ASK 103 2261322
1781792249417091252 ASK 104 2450617
1781792249419566195 ASK 104 3583963
1781792249423214900 ASK 104 2662256
1781792249425435358 BID 92 2708350
1781792249428185888 BID 91 2464286
1781792249432442804 BID 91 2630005
1781792249435154693 BID 98 2422370
1781792249439606470 BID 98 4678718
1781792249440740558 ASK 104 3725870
1781792249444346743 BID 91 1441927
1781792249444496464 ASK 105 7995149
1781792249452458541 BID 91 1891879
1781792249453968714 ASK 105 1785249
1781792249454450728 BID 90 2482117
1781792249455811761 ASK 97 19959589
1781792249475736374 BID 90 2623452
1781792249475787410 ASK 97 3626874
1781792249477901305 ASK 105 42285457
1781792249478386325 BID 90 41900445
1781792249520240924 ASK 105 278903
1781792249520301227 BID 90 2189878
1781792249521277649 ASK 106 3204391
1781792249522581234 BID 93 3720530
1781792249526345165 BID 93 2122672
1781792249528519564 BID 92 2076065
1781792249530623031 BID 92 1200763
1781792249531855213 BID 91 2145195
1781792249534081739 BID 91 2789624
1781792249535692982 ASK 106 1998248
1781792249536934100 BID 89 1023911
1781792249537753127 ASK 98 1071219
1781792249537997345 BID 89 4955291
1781792249542920005 ASK 98 557200
1781792249543011126 BID 88 1699994
1781792249543538450 ASK 106 2994147
1781792249546202338 BID 88 4851370
1781792249550924837 ASK 106 1328552
1781792249551146543 BID 89 1934559
1781792249552278045 ASK 107 12559863
1781792249564747097 BID 89 1318283
1781792249564855280 ASK 107 2328644
1781792249566183442 BID 88 2564395
1781792249567250549 ASK 108 2299554
1781792249568810715 BID 88 1971043
1781792249569602671 ASK 108 2177265
1781792249570842382 BID 89 2076686
1781792249571850719 ASK 109 2734125
1781792249574462523 BID 89 5377939
1781792249579809083 ASK 109 1497670
1781792249579852495 BID 88 2366880
1781792249581345986 ASK 94 3924172
1781792249585175160 BID 88 15312777
1781792249600450216 ASK 94 1585003
1781792249600505770 BID 89 43275595
1781792249601706222 ASK 109 42138432
1781792249643812323 BID 89 294071
1781792249643860343 ASK 109 1323027
1781792249644703474 BID 99 1497169
1781792249645248923 ASK 104 2012316
1781792249648938510 ASK 104 11228044
1781792249660091863 BID 99 1535637
1781792249660221707 ASK 109 2450383
1781792249661723590 BID 98 2348360
1781792249663553463 ASK 109 1602636
1781792249664146710 BID 98 2369020
1781792249665262900 ASK 109 2426432
1781792249666586623 BID 97 2408458
1781792249668950408 ASK 109 2210066
1781792249669007384 BID 97 3144269
1781792249671200238 ASK 110 2355259
1781792249672204212 BID 96 20621448
1781792249692778722 ASK 110 2551817
1781792249692910810 BID 96 3578593
1781792249693868296 BID 92 3487763
1781792249695372758 ASK 105 5472098
1781792249700672062 BID 92 13283495
1781792249713869045 ASK 105 2474817
1781792249714001694 BID 94 3319467
1781792249716403905 ASK 106 12258663
1781792249728599519 BID 94 1411871
1781792249728677195 ASK 106 2142802
1781792249730079868 BID 96 1270512
1781792249730902271 ASK 101 30587069
1781792249761363895 BID 96 1653101
1781792249761535847 ASK 101 2456513
1781792249762602438 ASK 102 2602286
1781792249763056941 BID 94 13581318
1781792249776541157 ASK 102 489583
1781792249776759577 BID 94 1323637
1781792249777100370 ASK 98 2005317
1781792249778125794 BID 93 13555205
1781792249791603053 ASK 98 1815775
1781792249791731514 BID 93 2875954
1781792249793016154 BID 90 3176884
1781792249793485493 ASK 102 9088050
1781792249802464338 BID 90 1567029
1781792249802631502 ASK 102 2626512
1781792249804096189 BID 89 2254955
1781792249805294973 ASK 99 6687806
1781792249811893602 BID 89 2175661
1781792249812052090 ASK 99 3353612
1781792249814179631 BID 88 1423280
1781792249815461105 ASK 99 4612853
1781792249819978078 BID 88 16454565
1781792249836388219 ASK 99 1954682
1781792249836448022 BID 89 3370231
1781792249838424444 ASK 97 36836234
1781792249875227616 BID 89 1641726
1781792249875275506 ASK 97 2902580
1781792249876895360 BID 88 2910490
1781792249878232078 ASK 92 2858803
1781792249879833792 BID 88 15654754
1781792249895449633 ASK 92 536544
1781792249895503293 BID 88 1730326
1781792249896062680 ASK 93 23849263
1781792249919806375 BID 88 1897124
1781792249919951678 ASK 93 3094546
1781792249921409801 ASK 101 4481831
1781792249921749285 BID 91 45037826
1781792249926003201 ASK 101 41156819
1781792249966989961 BID 91 1561239
1781792249967227166 ASK 98 1551000
1781792249968126684 BID 87 15964930
1781792249983937825 ASK 98 552082
1781792249984209946 BID 87 1268676
1781792249984559427 ASK 99 2047531
1781792249985541349 BID 90 2391928
1781792249986645050 ASK 99 2616673
1781792249988673239 BID 90 1606284
1781792249989286840 ASK 100 2299013
1781792249990398977 BID 89 3291995
1781792249991645646 ASK 100 2697832
1781792249993219778 ASK 104 41906502
1781792249993799717 BID 89 41404621
1781792250035164522 ASK 104 186514
1781792250035219946 BID 88 1485048
1781792250036160264 ASK 91 2027985
1781792250050882443 ASK 91 10035672
1781792250060876507 BID 88 1588615
1781792250060975052 ASK 100 2430655
1781792250062490009 BID 87 1964636
1781792250063456392 ASK 100 2043163
1781792250065034012 BID 87 1672828
1781792250065519743 ASK 101 2647534
1781792250066745001 BID 88 6459899
1781792250073167690 ASK 101 5775936
1781792250078679450 BID 88 691958
1781792250079235864 ASK 100 1367224
1781792250079407556 BID 87 5314355
1781792250084434111 ASK 100 2304799
1781792250084745986 BID 87 2920945
1781792250086767443 ASK 101 2251499
1781792250087713458 BID 95 6258806
1781792250093940976 ASK 101 566658
1781792250093984297 BID 95 1690211
1781792250094534173 ASK 103 2241992
1781792250095718039 BID 94 9141419
1781792250104755193 ASK 103 2687582
1781792250104936663 BID 94 3428332
1781792250106263593 BID 91 4333845
1781792250107509079 ASK 103 4382386
1781792250110709519 BID 91 2106611
1781792250111920810 ASK 103 2045608
1781792250112882795 BID 90 2267554
1781792250114094368 ASK 100 2118384
1781792250115184944 BID 90 3806060
1781792250118953363 ASK 100 882211
1781792250119060214 BID 91 1688367
1781792250119902790 ASK 98 25757474
1781792250145581176 BID 91 41180217
1781792250145681724 ASK 98 41121386
1781792250186776139 BID 87 1543364
1781792250187599574 ASK 102 2876702
1781792250192587692 ASK 102 557355
1781792250193170144 ASK 103 2623221
1781792250195831677 ASK 103 1209129
1781792250197068668 ASK 102 1188359
1781792250204683153 ASK 102 1678709
1781792250206025260 BID 87 2388932
1781792250206391247 ASK 101 5240321
1781792250208440100 BID 95 6297996
1781792250211653880 ASK 101 45009373
1781792250215689350 BID 95 41115629
1781792250256754634 ASK 105 1820766
1781792250256861414 BID 87 3695323
1781792250260634352 BID 87 1555250
1781792250261325880 ASK 105 2644062
1781792250262232112 BID 92 2792000
1781792250264025697 ASK 109 41861399
1781792250305850367 BID 92 2588686
1781792250305902795 ASK 109 5810164
1781792250306976191 BID 96 5442873
1781792250311772431 ASK 110 8572367
1781792250320312387 BID 96 41508394
1781792250320359625 ASK 110 41733246
1781792250361947599 BID 96 1621336
1781792250362206715 ASK 109 2528913
1781792250364773428 ASK 109 1061030
1781792250365872630 ASK 110 2335361
1781792250368282050 ASK 110 6216449
1781792250374418649 BID 96 2877864
1781792250374514970 ASK 113 3819260
1781792250377367416 BID 101 2172185
1781792250378406516 ASK 113 1984423
1781792250379660658 BID 101 2888569
1781792250380454558 ASK 112 3218418
1781792250382731640 BID 100 2900917
1781792250383767974 ASK 112 2860030
1781792250385661190 BID 100 3717890
1781792250386677316 ASK 113 4357801
1781792250389407263 BID 99 4315861
1781792250393370338 ASK 113 2937871
1781792250393766716 BID 99 3439538
1781792250396380414 ASK 109 1097640
1781792250397246269 BID 106 3512409
1781792250400727961 ASK 109 7525738
1781792250408133273 BID 106 1699959
1781792250408268747 ASK 110 42416453
1781792250409495469 BID 96 41226680
1781792250450738109 BID 96 1413417
1781792250451553514 ASK 110 2625060
1781792250452220735 BID 95 3127387
1781792250458211880 BID 95 2340105
1781792250460594475 BID 94 2055066
1781792250463581468 BID 94 1945279
1781792250464760380 ASK 110 40939062
1781792250465495469 BID 88 40269986
1781792250505732844 ASK 111 257137
1781792250505827281 BID 88 1618526
1781792250507469301 BID 89 2270956
1781792250509006675 ASK 111 3114995
1781792250509802213 BID 89 4624596
1781792250512151135 ASK 106 3885183
1781792250514454801 BID 88 3339471
1781792250516091561 ASK 106 3288247
1781792250519407140 ASK 107 1546319
1781792250521016817 ASK 107 6111305
1781792250527054804 BID 88 1738524
1781792250527144453 ASK 109 2852463
1781792250528864121 BID 91 1423002
1781792250530026041 ASK 109 10768148
1781792250540754965 BID 91 1889626
1781792250540810159 ASK 96 2996572
1781792250542706657 BID 90 4599168
1781792250547150313 ASK 96 40672055
1781792250547328768 BID 90 40770339
1781792250588008447 ASK 94 377879
1781792250588117542 BID 88 3409276
1781792250589978864 ASK 94 3594893
1781792250593602832 ASK 95 2319780
1781792250596075809 ASK 95 2128345
1781792250598274687 ASK 96 2263657
1781792250600608144 ASK 96 3019344
1781792250603670108 ASK 97 1257058
1781792250605039527 ASK 97 1347298
1781792250606453310 ASK 98 1246678
1781792250609480408 BID 88 607550
1781792250610118966 BID 91 2719410
1781792250627713453 BID 91 1841400
1781792250629745029 BID 90 2563830
1781792250631804032 ASK 98 3197399
1781792250632370004 BID 90 5882155
1781792250635046055 ASK 99 4664463
1781792250638271987 BID 91 2818602
1781792250643317382 BID 91 516952
1781792250643867085 BID 92 2887165
1781792250646778205 BID 92 2984593
1781792250649784589 BID 91 2926249
1781792250655000163 ASK 99 2140626
1781792250657176626 ASK 100 3972072
1781792250657987267 BID 91 5889283
1781792250661189254 ASK 100 3911553
1781792250663934068 BID 90 2402642
1781792250665131945 ASK 100 3437514
1781792250666361948 BID 90 4605870
1781792250671004607 BID 91 2483780
1781792250673017714 ASK 100 3386397
1781792250673521118 BID 91 6501757
1781792250676462191 ASK 101 5874025
1781792250680075083 BID 94 3593712
1781792250682411576 ASK 101 2636456
1781792250683760196 BID 94 2664960
1781792250685111992 ASK 102 3471423
1781792250686451696 BID 93 4544315
1781792250688709041 ASK 102 4918296
1781792250691045383 BID 93 4042991
1781792250693687210 ASK 105 2612280
1781792250695151933 BID 94 2430614
1781792250696366917 ASK 105 10828895
1781792250707038396 BID 94 652064
1781792250707223474 ASK 106 1626281
1781792250707718392 BID 93 4147110
1781792250711818263 ASK 106 1580485
1781792250711957685 BID 93 2530336
1781792250713473529 ASK 106 2435690
1781792250714517076 BID 92 2597910
1781792250715970673 ASK 106 7512283
1781792250723445446 BID 92 1805106
1781792250723700935 ASK 110 2586943
1781792250725309482 BID 91 1151050
1781792250726315921 ASK 110 11267507
1781792250737417317 BID 91 763021
1781792250737651656 ASK 95 2247381
1781792250738269997 BID 90 5533571
1781792250743758863 ASK 95 1598519
1781792250743816802 BID 90 2754418
1781792250745431802 ASK 96 2472328
1781792250746603550 BID 89 43507109
1781792250789996585 ASK 96 1722872
1781792250791183472 ASK 100 1955583
1781792250792607298 BID 89 3219796
1781792250795866618 BID 92 2553520
1781792250799128106 BID 92 2063280
1781792250799158212 ASK 100 4372483
1781792250801246891 BID 91 3634980
1781792250803611556 ASK 100 4126156
1781792250804955478 BID 91 6203352
1781792250807873237 ASK 100 4715622
1781792250810282356 ASK 102 2595213
1781792250811204696 BID 90 11086568
1781792250822241471 ASK 102 2805098
1781792250822305541 BID 90 4187301
1781792250824381321 BID 86 42610397
1781792250825100420 ASK 100 41983060
1781792250867038335 BID 86 143895
1781792250867889096 BID 85 1698790
1781792250872676367 BID 85 1757488
1781792250874462678 BID 91 2054634
1781792250879091611 BID 91 1476861
1781792250880655565 BID 94 700905
1781792250885094809 ASK 100 29218262
1781792250914269829 BID 94 516599
1781792250914337897 ASK 104 1561870
1781792250914817637 BID 95 7419070
1781792250922202182 ASK 104 1287170
1781792250923452563 BID 95 329287
1781792250923506183 ASK 106 791781
1781792250923842424 BID 97 7872308
1781792250931527772 ASK 106 1885141
1781792250931797999 BID 97 2154738
1781792250932518801 BID 95 1605798
1781792250933453920 ASK 109 2708078
1781792250936128035 BID 95 9499959
1781792250945527375 ASK 109 886703
1781792250945685301 BID 94 1197452
1781792250946514643 ASK 110 692229
1781792250946898843 BID 94 967205
1781792250947291149 ASK 110 1017178
1781792250947895874 BID 104 1034050
1781792250948331931 ASK 111 2938112
1781792250951234647 BID 104 386916
1781792250951292115 ASK 111 756289
1781792250951672428 BID 94 1206894
1781792250952099349 ASK 112 17845157
1781792250969846422 BID 94 1309787
1781792250970037641 ASK 112 2384623
1781792250971213527 BID 98 2868531
1781792250972487296 ASK 106 12287707
1781792250984647173 BID 98 1439240
1781792250984800451 ASK 106 2150363
1781792250986141496 BID 97 1984563
1781792250987048157 ASK 104 27455056
1781792251014429795 BID 97 512542
1781792251014524854 ASK 104 1415731
1781792251014967945 BID 96 1966699
1781792251016013972 ASK 103 3905206
1781792251019849968 BID 96 2495262
1781792251022307970 ASK 103 449463
1781792251022361079 BID 94 1267088
1781792251022810533 ASK 106 4968070
1781792251027746162 BID 94 6735105
1781792251034448806 ASK 106 2065284
1781792251034497567 BID 93 3514989
1781792251036605622 ASK 97 6945900
1781792251043491199 BID 93 467187
1781792251043565569 ASK 97 1785339
1781792251044016325 BID 95 2836929
1781792251045449052 ASK 101 3521326
1781792251048820998 BID 95 4652559
1781792251053377706 ASK 101 41773818
1781792251053522368 BID 95 41727340
1781792251095182061 ASK 106 3516296
1781792251095312646 BID 95 4994880
1781792251098238124 BID 93 3405990
1781792251098730899 ASK 106 39861891
1781792251138545580 BID 93 1970397
1781792251138609951 ASK 106 3093193
1781792251140544140 BID 100 7200959
1781792251147575982 ASK 106 13007192
1781792251160548108 BID 100 604431
1781792251160595176 ASK 106 1765672
1781792251161224725 BID 99 10825619
1781792251172011310 ASK 106 3324659
1781792251175301965 BID 99 1787792
1781792251175353462 ASK 108 2770227
1781792251177205965 BID 98 3078507
1781792251178149928 ASK 108 3057646
1781792251180333635 BID 98 42501914
1781792251181238662 ASK 103 41628735
1781792251222886854 ASK 103 1336874
1781792251223624257 BID 88 2606841
1781792251223755573 ASK 97 3997170
1781792251227716986 BID 88 5126386
1781792251232785554 ASK 97 684612
1781792251232866706 BID 89 1696382
1781792251233526452 ASK 106 2091395
1781792251235269624 BID 89 1639145
1781792251235682799 ASK 106 2375837
1781792251236939016 BID 91 2348576
1781792251238169815 ASK 107 28093273
1781792251266157129 BID 91 296767
1781792251266362124 ASK 107 1580425
1781792251266669220 BID 99 2474382
1781792251267221036 ASK 109 4850179
1781792251271970586 BID 99 9559904
1781792251281389656 ASK 109 1439180
1781792251281610320 BID 91 1995573
1781792251282893918 ASK 102 2795754
1781792251283703496 BID 91 5322485
1781792251288940291 ASK 102 1951180
1781792251289050187 BID 91 42713264
1781792251290324578 ASK 109 41507894
1781792251331801683 BID 91 1185324
1781792251331843281 ASK 109 2602303
1781792251333018386 BID 101 2743001
1781792251334468938 ASK 106 3787986
1781792251340182166 BID 101 2079806
1781792251341545347 BID 95 25268864
1781792251366692413 ASK 106 1665103
1781792251366849057 BID 95 3102210
1781792251367888938 BID 92 3586814
1781792251368385649 ASK 100 8758010
1781792251376964032 BID 92 2462415
1781792251377270437 ASK 100 3249862
1781792251378639826 ASK 107 3430962
1781792251379547034 BID 93 3855472
1781792251382211823 ASK 107 3893348
1781792251383491604 BID 93 3748185
1781792251386142020 ASK 97 3592084
1781792251387335659 BID 92 7922212
1781792251395132786 ASK 97 1712703
1781792251395295532 BID 92 2800895
1781792251396880295 ASK 98 2213252
1781792251398138105 BID 91 2052280
1781792251399190809 ASK 98 5163663
1781792251404274873 BID 91 1548515
1781792251404404737 ASK 99 2540841
1781792251405888961 BID 94 1345829
1781792251406988678 ASK 99 8860883
1781792251415683960 BID 94 1776974
1781792251415903292 ASK 108 2787224
1781792251417482986 BID 95 2434537
1781792251418751651 ASK 108 2370257
1781792251419945405 BID 95 2228707
1781792251421161973 ASK 109 2215641
1781792251422195272 BID 94 2799226
1781792251424242753 ASK 109 2006193
1781792251425068005 BID 94 2595084
1781792251426340508 ASK 98 2479977
1781792251427794946 BID 93 6158534
1781792251433860285 ASK 98 1435363
1781792251433995369 BID 93 2342309
1781792251435050398 BID 89 2365411
1781792251435333238 ASK 92 32892441
1781792251468112586 BID 89 1380210
1781792251468289198 ASK 92 2199696
1781792251469245692 ASK 106 1480507
1781792251469551426 BID 90 12081210
1781792251481550191 ASK 106 663429
1781792251481665878 BID 90 1619352
1781792251482248455 ASK 93 2171940
1781792251483355342 BID 89 8964407
1781792251492285846 ASK 93 3762248
1781792251496000544 BID 89 1561560
1781792251496068381 ASK 102 2421813
1781792251497634560 BID 88 4606512
1781792251502082925 ASK 102 1368787
1781792251502282960 BID 88 2542820
1781792251503531642 ASK 103 2553811
1781792251505034642 BID 91 2400483
1781792251507001011 ASK 103 3631011
1781792251510329495 BID 91 2607372
1781792251510696604 ASK 104 3476211
1781792251512972994 BID 95 9606361
1781792251522533900 ASK 104 1609680
1781792251522597600 BID 95 2751542
1781792251524325442 ASK 106 2216358
1781792251525422489 BID 98 15453822
1781792251540808644 ASK 106 579216
1781792251540893653 BID 98 1573998
1781792251541470385 ASK 95 1127981
1781792251542109053 BID 90 3247473
1781792251545314787 ASK 95 5314841
1781792251550591387 BID 90 2609785
1781792251550649386 ASK 106 3563445
1781792251553276513 BID 98 18847808
1781792251572030996 ASK 106 5201899
1781792251577155430 BID 98 1748660
1781792251577249827 ASK 108 2724661
1781792251578936140 BID 105 18668287
1781792251597563420 ASK 108 911961
1781792251597686130 BID 105 3131546
1781792251598499897 ASK 102 2701744
1781792251599142005 BID 90 34864458
1781792251633794214 ASK 102 426720
1781792251634035226 BID 90 1459538
1781792251634240461 ASK 93 1363137
1781792251635358168 BID 86 18805046
1781792251654083715 ASK 93 3693771
1781792251657746899 BID 86 1666767
1781792251657792444 ASK 101 3542225
1781792251659512151 BID 86 16381527
1781792251675832333 ASK 101 10472165
1781792251686225039 BID 86 2242457
1781792251686327321 ASK 101 3370563
1781792251688541184 BID 85 11999155
1781792251700472612 ASK 101 1944819
1781792251700595403 BID 85 2913496
1781792251702446045 ASK 90 1376431
1781792251703699536 BID 84 1502578
1781792251703857803 ASK 90 16689149
1781792251720457624 BID 84 657093
1781792251720574644 ASK 102 1852274
1781792251721224953 BID 97 7317899
1781792251728446472 ASK 102 2403157
1781792251730044168 ASK 105 4351093
1781792251734341691 BID 97 18432680
1781792251752678110 ASK 105 591459
1781792251752786413 BID 91 1481950
1781792251753300217 ASK 106 32303020
1781792251785519711 BID 91 2177564
1781792251785679010 ASK 106 3301223
1781792251787719898 BID 99 2881163
1781792251789004919 ASK 105 2737705
1781792251790652297 BID 99 29117633
1781792251819705609 ASK 105 533431
1781792251819762996 BID 99 1474787
1781792251820267112 ASK 106 12189187
1781792251832329030 BID 99 1543015
1781792251832532983 ASK 106 2315573
1781792251833991298 BID 98 2383993
1781792251834963793 ASK 105 23264548
1781792251858145276 BID 98 2107593
1781792251858263718 ASK 105 3267369
1781792251859595997 ASK 108 43151021
1781792251860283877 BID 100 42542540
1781792251902782374 ASK 108 770356
1781792251902846224 BID 100 1746026
1781792251903974140 BID 98 2078069
1781792251903996652 ASK 110 6683378
1781792251910615760 BID 98 39176995
1781792251949754132 ASK 110 2229551
1781792251950035250 BID 94 2914357
1781792251952193449 ASK 111 15695144
1781792251967839831 BID 94 1794737
1781792251967902088 ASK 111 2936569
1781792251969705070 BID 93 1640618
1781792251971290154 ASK 103 1954887
1781792251971404959 BID 93 7521340
1781792251978864964 ASK 103 1551340
1781792251978987294 BID 92 2455496
1781792251980441351 ASK 110 2508165
1781792251981646122 BID 92 14747436
1781792251996229039 ASK 110 2792629
1781792251996573496 BID 91 3536274
1781792251999055201 ASK 103 10513213
1781792252009472223 BID 91 1600393
1781792252009596376 ASK 103 2611990
1781792252010646286 ASK 108 2966875
1781792252011119113 BID 99 5847530
1781792252016838372 ASK 108 1465028
1781792252016986430 BID 99 2869984
1781792252018337975 ASK 103 2707790
1781792252019885248 BID 98 31867629
1781792252051701891 ASK 103 1989948
1781792252051776932 BID 98 3360408
1781792252053177269 BID 91 3496800
1781792252053769675 ASK 104 10208907
1781792252063943166 BID 91 594074
1781792252064038254 ASK 104 1857655
1781792252064563710 BID 96 3725363
1781792252065959419 ASK 105 3160359
1781792252068321373 BID 96 1233976
1781792252069181824 ASK 105 2765798
1781792252069620892 BID 95 43049881
1781792252071427050 ASK 108 41305499
1781792252112701361 BID 95 97182
1781792252112745373 ASK 108 192341
1781792252113512032 BID 101 522940
1781792252113534163 ASK 107 1573752
1781792252116759514 BID 101 1450341
1781792252116884919 ASK 107 41956259
1781792252117876660 BID 96 41050760
1781792252158870273 ASK 112 988084
1781792252158938732 BID 96 2818458
1781792252161796272 BID 97 1967772
1781792252163852219 BID 97 991701
1781792252164908942 BID 100 1883814
1781792252169247501 BID 100 1456822
1781792252170736263 BID 109 1014493
1781792252176254826 BID 109 18966831
1781792252195112483 ASK 112 1410085
1781792252196155800 BID 100 1339182
1781792252196589974 ASK 104 10592622
1781792252207149364 BID 100 624041
1781792252207194018 ASK 104 1568322
1781792252207798782 BID 99 2018978
1781792252208847229 ASK 105 3958266
1781792252212554153 BID 99 699022
1781792252212984681 ASK 105 1394887
1781792252213406112 BID 98 2134033
1781792252214405927 ASK 104 2090181
1781792252215577084 BID 98 6759136
1781792252222278862 ASK 104 2029207
1781792252222354284 BID 97 3164126
1781792252224332545 ASK 112 2523017
1781792252226369068 BID 94 2691942
1781792252226919563 ASK 112 6581022
1781792252233427618 BID 94 1462753
1781792252233518428 ASK 97 2414163
1781792252234917543 BID 93 3807283
1781792252238634526 ASK 97 1935465
1781792252238858426 BID 93 2704277
1781792252240205237 ASK 110 2673581
1781792252241600905 BID 91 2309479
1781792252242909756 ASK 110 5696500
1781792252248549750 BID 91 741341
1781792252248633588 ASK 112 1703766
1781792252249372494 BID 90 6401990
1781792252255615646 ASK 112 1601070
1781792252255805101 BID 90 2308046
1781792252257277179 ASK 97 1213577
1781792252258170525 BID 88 2063140
1781792252260160208 ASK 97 17896063
1781792252277971602 BID 88 555602
1781792252278107958 ASK 98 1404855
1781792252278602706 BID 87 9434319
1781792252287956704 ASK 98 1409825
1781792252288050670 BID 87 2166905
1781792252289393409 ASK 99 2452653
1781792252290249405 BID 86 2705798
1781792252291912647 ASK 99 2169372
1781792252293015416 BID 86 2146800
1781792252294141921 ASK 100 2042572
1781792252295224813 BID 85 20737589
1781792252315868877 ASK 100 1535510
1781792252315986478 BID 85 2376442
1781792252317471834 ASK 101 1829713
1781792252318387957 BID 96 5476373
1781792252323791985 ASK 101 3025636
1781792252326778948 BID 96 1489935
1781792252326833671 ASK 102 2567456
1781792252328292167 BID 99 3553987
1781792252331743522 ASK 102 4429796
1781792252336097997 BID 99 41648833
1781792252336222420 ASK 104 41696252
1781792252377816140 BID 92 2067959
1781792252377958226 ASK 104 4390126
1781792252379932811 BID 92 3686606
1781792252382369271 ASK 102 2543853
1781792252383653030 BID 91 2548605
1781792252386233304 BID 91 1161860
1781792252387423758 BID 90 1314515
1781792252388777287 BID 90 2330422
1781792252390402622 ASK 102 3278294
1781792252391143195 BID 89 7001926
1781792252393867516 ASK 102 7350429
1781792252398229449 BID 89 6164294
1781792252404425803 BID 88 1570948
1781792252408735919 ASK 102 2622317
1781792252411510152 ASK 91 3042566
1781792252414283372 BID 88 24240138
1781792252438417131 ASK 91 1410386
1781792252438552094 BID 85 2243268
1781792252439862292 ASK 88 25891953
1781792252465612399 BID 85 2113976
1781792252465825068 ASK 88 3062285
1781792252467163189 ASK 105 2973538
1781792252467759808 BID 93 3469027
1781792252470270578 ASK 105 22748436
1781792252492980101 BID 93 511690
1781792252493035946 ASK 99 1586597
1781792252493517359 BID 92 12681410
1781792252505985489 ASK 99 906110
1781792252506384788 BID 92 1611633
1781792252507038274 ASK 100 983875
1781792252507608674 BID 89 1642451
1781792252508178954 ASK 100 5088547
1781792252513232965 BID 89 572905
1781792252513305061 ASK 97 1938587
1781792252513851887 BID 93 17366870
1781792252531186286 ASK 97 5906410
1781792252537059183 BID 93 2304463
1781792252537109207 ASK 101 3751057
1781792252539376911 BID 96 43324226
1781792252540888867 ASK 101 41883534
1781792252582732867 BID 96 1119300
1781792252582787218 ASK 104 3053697
1781792252583462495 BID 95 3245894
1781792252585892822 ASK 104 1790787
1781792252586747192 BID 95 2062239
1781792252587742720 ASK 105 2305355
1781792252588883269 BID 94 4826149
1781792252593631522 ASK 105 4929713
1781792252598484131 BID 94 651838
1781792252598573709 ASK 106 2245167
1781792252599209256 BID 97 13132937
1781792252612285677 ASK 106 42525858
1781792252612369995 BID 97 42520418
1781792252654849627 ASK 112 153869
1781792252654908778 BID 96 1485818
1781792252666778029 BID 96 1681566
1781792252668556517 BID 95 2379800
1781792252670446136 ASK 112 3167468
1781792252670991950 BID 95 5029926
1781792252673709734 ASK 109 3447612
1781792252676101987 BID 94 2381868
1781792252678532075 BID 94 1277687
1781792252679934526 BID 93 1110613
1781792252681134026 BID 93 1037817
1781792252682269527 BID 92 1189030
1781792252691718874 ASK 109 3480960
1781792252693002832 BID 92 3563776
1781792252695282208 ASK 111 3913642
1781792252696630017 BID 95 3901469
1781792252699224504 ASK 111 3654897
1781792252700557445 BID 95 3607247
1781792252702981001 ASK 112 3539650
1781792252704192674 BID 102 25937308
1781792252730042578 ASK 112 1388726
1781792252730161271 BID 102 2194577
1781792252731146609 BID 101 2279477
1781792252731456491 ASK 110 2936689
1781792252733464207 BID 101 2792339
1781792252736054356 ASK 110 1704908
1781792252736303955 BID 92 2438935
1781792252737845576 ASK 111 2186703
1781792252738774529 BID 92 2255722
1781792252740219580 ASK 111 2788561
1781792252741057843 BID 106 2790334
1781792252743062473 ASK 112 3187335
1781792252746220252 BID 106 15773982
1781792252761959870 ASK 112 1909712
1781792252762008902 BID 95 3126846
1781792252763896292 ASK 106 2694119
1781792252765839744 BID 95 5004678
1781792252770803014 ASK 106 1762182
1781792252770856805 BID 92 2824946
1781792252772594291 ASK 107 2618285
1781792252773751602 BID 92 2654189
1781792252775263181 ASK 107 3644708
1781792252776485350 BID 91 3568889
1781792252778938296 ASK 108 3789886
1781792252782252091 BID 91 3161178
1781792252782753990 ASK 108 4019731
1781792252784702195 ASK 103 44018984
1781792252785444568 BID 90 43345510
1781792252828810917 BID 90 712727
1781792252829229843 ASK 103 1385198
1781792252829635264 BID 96 3059218
1781792252836501335 ASK 103 1470759
1781792252837622518 BID 96 2331594
1781792252838061281 ASK 101 2899379
1781792252840048128 BID 97 1942364
1781792252844997313 BID 97 519485
1781792252845629539 BID 96 1251989
1781792252848715799 ASK 101 2435128
1781792252850787405 BID 96 40955242
1781792252851182527 ASK 103 40700955
1781792252891845369 BID 84 286097
1781792252891895824 ASK 103 2159096
1781792252894147634 ASK 98 1170245
1781792252926556462 BID 84 2245844
1781792252928134602 ASK 98 3272985
1781792252928831089 BID 92 5207344
1781792252931435159 ASK 99 3944700
1781792252934071956 BID 92 13194988
1781792252947230947 ASK 99 705699
1781792252947284677 BID 84 1797643
1781792252947971892 ASK 102 8490738
1781792252956360909 BID 84 3964026
1781792252960289349 ASK 102 1695340
1781792252960335115 BID 93 2835669
1781792252962016529 ASK 105 4783834
1781792252966419519 BID 93 7028986
1781792252973417647 ASK 105 688697
1781792252973460358 BID 84 1941076
1781792252974136932 ASK 91 12037532
1781792252986138006 BID 84 2042642
1781792252986190975 ASK 91 3154588
1781792252987481511 ASK 110 3024364
1781792252988214501 BID 94 3382491
1781792252990583370 ASK 110 3153596
1781792252993708162 BID 94 1699138
1781792252993748518 ASK 101 2833144
1781792252995490746 BID 93 3494681
1781792252996696688 ASK 101 46233474
1781792252999058674 BID 93 43946078
1781792253042965769 ASK 96 298500
1781792253043029429 BID 88 1292064
1781792253049172123 ASK 96 2658256
1781792253050146381 BID 88 1723323
1781792253051753485 ASK 110 1945249
1781792253051897525 BID 93 3061970
1781792253053767363 ASK 110 1379523
1781792253055035427 BID 93 1009905
1781792253055179467 ASK 111 2137020
1781792253056075458 BID 97 2523429
1781792253057386057 ASK 111 8901204
1781792253066203914 BID 97 1215561
1781792253066362542 ASK 113 2407436
1781792253067520735 BID 105 6970957
1781792253074441117 ASK 113 1613557
1781792253074518332 BID 105 2376739
1781792253076119446 ASK 114 1111896
1781792253076964942 BID 102 2904909
1781792253077271878 ASK 114 4680695
1781792253081918329 BID 102 2671194
1781792253081964546 ASK 114 3450386
1781792253084705691 BID 102 1203268
1781792253085528856 ASK 114 3891121
1781792253089384411 BID 102 2126168
1781792253089431830 ASK 109 3037728
1781792253091541507 BID 106 5406343
1781792253096772932 ASK 109 1084575
1781792253097046996 BID 106 1150939
1781792253097924262 ASK 110 689995
1781792253098212392 BID 103 1277617
1781792253098696430 ASK 110 4855409
1781792253103503939 BID 103 2555433
1781792253103595220 ASK 111 3203770
1781792253106126088 BID 102 2502785
1781792253106854615 ASK 111 28372070
1781792253135187181 BID 102 745123
1781792253135239339 ASK 108 1907594
1781792253135986185 BID 101 5820880
1781792253141765397 ASK 108 524254
1781792253141825460 BID 101 980650
1781792253142338983 ASK 109 995317
1781792253142888023 BID 100 13763911
1781792253156552618 ASK 109 523592
1781792253156707628 BID 100 1470529
1781792253157147744 ASK 111 4106844
1781792253158250954 BID 99 3286035
1781792253161315062 ASK 111 1481429
1781792253161558689 BID 99 1895125
1781792253162824954 ASK 111 1022418
1781792253163482408 BID 97 2442518
1781792253165890642 ASK 111 22299849
1781792253188155054 BID 97 3209331
1781792253188202693 ASK 108 4538304
1781792253191393419 BID 105 10082290
1781792253201438339 ASK 108 41452009
1781792253201492320 BID 105 41421642
1781792253242928579 BID 91 198763
1781792253243846962 ASK 99 441508
1781792253249050935 ASK 99 1557181
1781792253250648291 ASK 94 905729
1781792253253281451 BID 91 7737676
1781792253260876609 ASK 94 1396630
1781792253261096662 BID 88 41594691
1781792253261841119 ASK 101 40959710
1781792253302772155 BID 88 670668
1781792253302812300 ASK 101 1808684
1781792253303085803 ASK 106 2606460
1781792253303494290 BID 87 6288467
1781792253309748332 ASK 106 1753280
1781792253309804518 BID 87 2530578
1781792253311564119 ASK 107 1491137
1781792253312404966 BID 97 987543
1781792253313098968 ASK 107 18244617
1781792253331269436 BID 97 503193
1781792253331360917 ASK 112 1353870
1781792253331802395 BID 96 4403131
1781792253336165391 ASK 112 559298
1781792253336218009 BID 96 1369319
1781792253336807825 ASK 113 1738061
1781792253337614739 BID 95 1886630
1781792253338710495 ASK 113 2105590
1781792253339619450 BID 95 2632629
1781792253340878361 ASK 114 2910499
1781792253342307873 BID 94 3832200
1781792253346029665 ASK 114 3265046
1781792253347450180 BID 94 3014636
1781792253349323154 ASK 106 3238946
1781792253350510612 BID 97 3236431
1781792253352605712 ASK 106 26763794
1781792253379330253 BID 97 1861787
1781792253379412778 ASK 113 3008233
1781792253381217929 BID 96 2450696
1781792253382455776 ASK 113 2447516
1781792253383705495 BID 96 2412656
1781792253384938999 ASK 105 2395394
1781792253386147987 BID 95 24264297
1781792253410365657 ASK 105 4232360
1781792253410439666 BID 95 5554938
1781792253411421548 BID 89 46352649
1781792253414783054 ASK 106 43029926
1781792253457790077 BID 89 2230704
1781792253457823229 ASK 106 3686356
1781792253459457645 ASK 104 3521666
1781792253460113445 BID 98 9361102
1781792253469437748 ASK 104 1032607
1781792253469492450 BID 98 2205949
1781792253470503417 ASK 100 2366169
1781792253471175878 BID 95 4804093
1781792253475898298 ASK 100 6476099
1781792253482261315 BID 95 1675985
1781792253482403832 ASK 104 2474176
1781792253483965442 BID 94 6819463
1781792253490744178 ASK 104 1470935
1781792253490803289 BID 94 2560660
1781792253491758401 BID 89 2798120
1781792253492239389 ASK 104 7574730
1781792253499671191 BID 89 12143025
1781792253511775152 ASK 104 581561
1781792253511827140 BID 94 1750500
1781792253512379987 ASK 106 15594686
1781792253527851301 BID 94 673694
1781792253528010330 ASK 106 1432947
1781792253528562024 BID 93 1860631
1781792253529504532 ASK 112 5492304
1781792253534888723 BID 93 1682967
1781792253535022735 ASK 112 2770097
1781792253536699961 BID 92 2890493
1781792253537858505 ASK 113 2946797
1781792253539664803 BID 92 2849355
1781792253542336635 ASK 113 1268720
1781792253542605580 BID 91 1805817
1781792253543754064 ASK 114 2222309
1781792253544440672 BID 91 2288925
1781792253546008404 ASK 114 2757272
1781792253546757629 BID 90 3141464
1781792253548828514 ASK 107 14409432
1781792253563159690 BID 90 6550268
1781792253569573903 ASK 107 521478
1781792253569732861 BID 101 1623175
1781792253570152298 ASK 106 5384871
1781792253575433525 BID 101 1643113
1781792253575587644 ASK 106 2771850
1781792253577182436 BID 102 2202802
1781792253578401533 ASK 107 41263827
1781792253619698862 ASK 107 1720152
1781792253620884921 ASK 108 11526400
1781792253632316312 BID 102 1498612
1781792253632475802 ASK 108 2300770
1781792253633878704 BID 99 1042636
1781792253634806859 ASK 109 7528359
1781792253642300262 BID 99 1422790
1781792253642449001 ASK 109 2330486
1781792253643752296 BID 98 2917704
1781792253644837055 ASK 110 2775503
1781792253647362319 BID 93 1257984
1781792253647640561 ASK 110 4830722
1781792253652390932 BID 93 531467
1781792253652540623 ASK 111 1411859
1781792253652947396 BID 95 41759401
1781792253694749056 BID 95 2092565
1781792253695562292 BID 98 3368752
1781792253699434220 BID 98 496216
1781792253699957377 BID 97 1886699
1781792253701868953 BID 97 988007
1781792253702924337 BID 96 959390
1781792253703910367 BID 96 1219323
1781792253705164646 BID 95 1884725
1781792253707074809 BID 95 2097074
1781792253709209504 BID 101 1990554
1781792253716876061 BID 101 7512539
1781792253724154400 ASK 111 1811829
1781792253724402546 BID 93 2554562
1781792253726029518 ASK 113 3544203
1781792253729512166 BID 93 1545629
1781792253729646738 ASK 113 2343777
1781792253731086519 BID 94 1862524
1781792253732086726 ASK 103 10392045
1781792253742443284 BID 94 9075692
1781792253751482898 ASK 103 2826277
1781792253751536248 BID 92 3773905
1781792253754375189 ASK 103 7385665
1781792253761631912 BID 92 12428351
1781792253773916132 ASK 103 1469250
1781792253774189215 BID 90 2238921
1781792253775409838 ASK 101 4676312
1781792253780019646 BID 90 3262590
1781792253783240237 ASK 101 1596445
1781792253783299118 BID 89 2447621
1781792253784867991 ASK 98 1143487
1781792253785797565 BID 89 4548525
1781792253790314611 ASK 98 2439216
1781792253790363583 BID 92 3880700
1781792253792778644 ASK 99 4027386
1781792253794272977 BID 92 43735497
1781792253837891244 ASK 99 1057164
1781792253838025927 BID 89 1090626
1781792253838394438 ASK 106 5216577
1781792253843549730 BID 89 2419559
1781792253845896111 ASK 106 531913
1781792253845993434 BID 87 1626131
1781792253846549582 ASK 107 7389147
1781792253853806501 BID 87 1639040
1781792253853982882 ASK 107 2425465
1781792253855504612 BID 87 1945029
1781792253856457760 ASK 108 5414258
1781792253861795885 BID 87 1957162
1781792253861897115 ASK 108 2914788
1781792253863781690 BID 94 2194968
1781792253864842070 ASK 109 2546186
1781792253866001715 BID 94 2574279
1781792253868033276 ASK 109 2443444
1781792253868791879 BID 101 3046315
1781792253870613557 ASK 110 8289565
1781792253878668983 BID 101 2384704
1781792253878935553 ASK 110 3021498
1781792253881151270 BID 98 2675539
1781792253882027984 ASK 106 23109614
1781792253905030257 BID 98 655469
1781792253905204644 ASK 106 1322120
1781792253905748705 BID 97 1923107
1781792253906599751 ASK 104 2320493
1781792253907784514 BID 97 11716261
1781792253919317790 ASK 104 547487
1781792253919682064 BID 95 1187276
1781792253920483086 ASK 106 3844457
1781792253924263874 BID 95 3106859
1781792253925748464 ASK 106 2638149
1781792253927393906 BID 95 2267369
1781792253928422360 ASK 109 2285798
1781792253929751353 BID 95 2360739
1781792253930760606 ASK 109 2318109
1781792253932149712 BID 95 2814425
1781792253933150279 ASK 106 2823673
1781792253934995446 BID 95 2101265
1781792253936038783 ASK 106 2041203
1781792253937130835 BID 94 2197354
1781792253938168812 ASK 97 2181439
1781792253939396808 BID 94 41390047
1781792253980736190 ASK 97 2882786
1781792253980805140 BID 98 5430658
1781792253981579553 ASK 114 12346232
1781792253993869298 BID 98 4127012
1781792253997921680 ASK 114 1752187
1781792253998009254 BID 94 2712985
1781792253999706438 ASK 110 11952854
1781792254011619387 BID 94 5504491
1781792254017050330 ASK 110 2601675
1781792254017140590 BID 97 3405113
1781792254019682863 ASK 111 2283885
1781792254021332098 BID 97 2302063
1781792254022030488 ASK 111 41658661
1781792254023396901 BID 94 40434404
1781792254063747769 ASK 115 645531
1781792254063848508 BID 94 1667378
1781792254065013574 BID 105 3907388
1781792254068142574 ASK 115 2337475
1781792254070506428 ASK 109 2842062
1781792254075818163 BID 105 7431321
1781792254083150419 ASK 109 2072758
1781792254085168915 BID 90 4115165
1781792254085244066 ASK 115 22249354
1781792254107451672 BID 90 11652921
1781792254119011629 ASK 115 476393
1781792254119123448 BID 90 1317181
1781792254119518630 ASK 104 17231282
1781792254136712921 BID 90 718037
1781792254136767744 ASK 104 2027924
1781792254137459291 BID 95 2835871
1781792254138840843 ASK 100 21121692
1781792254159411363 BID 95 727824
1781792254159997641 ASK 100 1111245
1781792254160158864 BID 94 2045107
1781792254160468254 ASK 101 9661376
1781792254170095977 BID 94 784282
1781792254170150349 ASK 101 1931283
1781792254170996688 BID 95 2392769
1781792254172111188 ASK 102 2550855
1781792254173417529 BID 95 3533513
1781792254174776698 ASK 102 3147650
1781792254177020873 BID 94 1966344
1781792254177987407 ASK 98 9742126
1781792254187673919 BID 94 2416778
1781792254187741846 ASK 98 3287432
1781792254189405257 ASK 105 2665616
1781792254190138888 BID 100 2954382
1781792254192104746 ASK 105 2027825
1781792254193139447 BID 100 2023416
1781792254194222018 ASK 106 1985485
1781792254195208498 BID 102 2014449
1781792254196282273 ASK 106 4117876
1781792254200297505 BID 102 1629767
1781792254200524421 ASK 111 2346381
1781792254201959974 BID 100 7777946
1781792254209627834 ASK 111 643612
1781792254209774699 BID 100 1479582
1781792254210330427 ASK 112 1951887
1781792254211294266 BID 106 2014308
1781792254212386619 ASK 112 16042897
1781792254228287890 BID 106 42654475
1781792254228492745 ASK 110 42533909
1781792254270980717 BID 93 312206
1781792254271044827 ASK 110 1863234
1781792254273010593 ASK 111 881844
1781792254273919909 ASK 111 1114100
1781792254275092308 ASK 112 1082313
1781792254276241727 ASK 112 1069250
1781792254277376420 ASK 113 2066232
1781792254279502404 ASK 113 1351796
1781792254280990125 ASK 98 2158940
1781792254282570560 BID 93 2789953
1781792254285387244 BID 94 1778677
1781792254297438732 ASK 98 2273495
1781792254299318328 ASK 111 1678589
1781792254300733182 BID 94 4252786
1781792254304806081 ASK 111 835147
1781792254305020493 BID 104 1703228
1781792254305722939 ASK 115 4453659
1781792254310145049 BID 104 2578437
1781792254310241179 ASK 115 3693961
1781792254312014156 ASK 117 43666878
1781792254312758512 BID 103 43020095
1781792254355746006 ASK 117 1340746
1781792254355794718 BID 103 3690277
1781792254356393351 BID 110 3157828
1781792254357178514 ASK 115 3995796
1781792254359566438 BID 110 13680660
1781792254373110963 ASK 115 487395
1781792254373340593 BID 100 1181467
1781792254373742708 ASK 114 5078152
1781792254378724299 BID 100 1893452
1781792254380274517 ASK 114 1979008
1781792254380735382 BID 98 2946327
1781792254382355336 ASK 115 23705600
1781792254405991737 BID 98 677477
1781792254406087496 ASK 115 1670169
1781792254406725970 BID 97 2114321
1781792254407804684 ASK 106 4062014
1781792254411794953 BID 97 30676950
1781792254442431287 ASK 106 690385
1781792254442488945 BID 98 1370962
1781792254443150235 ASK 107 3295020
1781792254446248145 BID 98 582593
1781792254446511459 ASK 107 1333091
1781792254446916258 BID 105 1782985
1781792254447905113 ASK 108 42931186
1781792254449043759 BID 105 41814391
1781792254491563453 BID 93 1839376
1781792254491624758 ASK 108 4296019
1781792254498376058 ASK 108 446087
1781792254498901895 ASK 109 2778443
1781792254501710715 ASK 109 1244474
1781792254502384679 BID 93 1932445
1781792254503019289 ASK 107 2531089
1781792254504340277 BID 104 2389674
1781792254508495353 ASK 107 1603778
1781792254510127244 ASK 108 1137814
1781792254512967893 BID 104 1768678
1781792254514870271 BID 103 1997989
1781792254516907774 BID 103 2051428
1781792254519004307 BID 102 2358825
1781792254542815667 ASK 108 1445341
1781792254543057491 BID 102 2818127
1781792254543932713 BID 94 2977176
1781792254544363200 ASK 108 8400720
1781792254552733413 BID 94 14735233
1781792254567436526 ASK 108 3622025
1781792254567482993 BID 104 4850840
1781792254571090040 ASK 107 4156758
1781792254572358229 BID 104 3074407
1781792254574781991 BID 93 40945889
1781792254575318993 ASK 107 40450465
1781792254615782062 ASK 108 41923005
1781792254616453942 BID 93 41413559
1781792254657719724 ASK 108 1531283
1781792254658770786 BID 85 1872790
1781792254659294679 ASK 102 16997878
1781792254676141453 BID 85 503835
1781792254676345466 ASK 102 1209098
1781792254676732021 BID 92 1973945
1781792254677608135 ASK 98 2958772
1781792254680535098 BID 92 10153187
1781792254690638111 ASK 98 1915153
1781792254690914600 BID 95 2658467
1781792254692621792 ASK 99 3360224
1781792254695920481 BID 95 8041551
1781792254703928018 ASK 99 637030
1781792254704048564 BID 84 1722432
1781792254704591828 ASK 89 24710317
1781792254729203429 BID 84 1845823
1781792254729357118 ASK 89 2818147
1781792254730570884 ASK 100 1698717
1781792254731108583 BID 90 6018601
1781792254737034170 ASK 100 3832209
1781792254740832235 BID 90 1696643
1781792254740880796 ASK 104 2833525
1781792254742554196 BID 91 9670371
1781792254752178882 ASK 104 9309504
1781792254761401493 BID 91 467207
1781792254761507081 ASK 108 1326418
1781792254761940113 BID 98 9374035
1781792254771132988 ASK 108 5243868
1781792254776281598 BID 98 621486
1781792254776431379 ASK 109 1457445
1781792254776934092 BID 97 5598733
1781792254782498360 ASK 109 7810412
1781792254790214896 BID 97 1816728
1781792254790326425 ASK 110 2493538
1781792254792123166 BID 106 7121790
1781792254799164566 ASK 110 2597193
1781792254799262068 BID 106 3479358
1781792254800256754 BID 94 3439763
1781792254801792997 ASK 101 19725891
1781792254821456059 BID 94 2726430
1781792254821538925 ASK 101 3850328
1781792254822286848 ASK 108 3156416
1781792254824231481 BID 93 7537210
1781792254831732794 ASK 108 2241685
1781792254833919436 BID 93 990538
1781792254834026377 ASK 107 2573098
1781792254835014209 BID 96 5233408
1781792254840198515 ASK 107 7175880
1781792254847201951 BID 96 2066649
1781792254847425080 ASK 109 3425293
1781792254849380029 BID 95 6712240
1781792254855798348 ASK 109 709220
1781792254856157041 BID 95 1321802
1781792254856541703 ASK 105 2211221
1781792254857555667 BID 94 11877820
1781792254869374457 ASK 105 1581887
1781792254869462552 BID 94 2616345
1781792254871045221 ASK 106 2242850
1781792254872105407 BID 92 2365749
1781792254873383840 ASK 106 6351711
1781792254879701517 BID 92 1716275
1781792254879748134 ASK 105 3268567
1781792254881487272 BID 91 2768153
1781792254883156444 ASK 105 9876899
1781792254892990893 BID 91 1602075
1781792254893050996 ASK 107 2389031
1781792254894720568 BID 99 3713907
1781792254898293631 ASK 107 5945243
1781792254904161649 BID 99 1492760
1781792254904307513 ASK 102 2584458
1781792254905756631 BID 96 2324902
1781792254906919603 ASK 102 9606652
1781792254916457676 BID 96 1487060
1781792254916664795 ASK 102 2243999
1781792254917985252 BID 95 8394173
1781792254926340012 ASK 102 1518654
1781792254926395546 BID 95 2371102
1781792254927892989 ASK 101 1916656
1781792254928799981 BID 94 11952508
1781792254940712023 ASK 101 2069823
1781792254940765433 BID 94 2888854
1781792254942813395 ASK 102 1779398
1781792254943684454 BID 93 25683482
1781792254969246298 ASK 102 520276
1781792254969388975 BID 93 1340194
1781792254969791080 ASK 94 1278217
1781792254970445858 BID 91 6632132
1781792254977027705 ASK 94 19433753
1781792254996426212 BID 91 1889174
1781792254996504889 ASK 106 2694605
1781792254998386529 BID 94 4046156
1781792255002302961 ASK 106 2786317
1781792255005054804 BID 94 41688327
1781792255005106821 ASK 106 41874206
1781792255046835745 BID 97 1061712
1781792255047273716 ASK 106 2543271
1781792255047379044 ASK 108 6099252
1781792255053403796 BID 97 1489875
1781792255054691933 ASK 108 2610938
1781792255055159119 BID 91 3696034
1781792255057369777 ASK 108 2493553
1781792255059568291 BID 91 2488012
1781792255061940596 ASK 108 2431156
1781792255062160579 BID 90 3252797
1781792255064431704 ASK 109 19727539
1781792255084045260 BID 90 6406524
1781792255090390459 ASK 109 3733433
1781792255090465840 BID 86 4804924
1781792255094153127 ASK 105 3719923
1781792255097837824 BID 86 6890366
1781792255104649593 ASK 105 1925132
1781792255104756142 BID 85 3009306
1781792255106602246 ASK 105 2481846
1781792255108408825 BID 85 41431756
1781792255149875306 BID 96 1868997
1781792255151808142 BID 96 2473270
1781792255154414401 BID 95 2996161
1781792255156834902 ASK 105 3549579
1781792255157471457 BID 95 5206598
1781792255160413556 ASK 105 5133090
1781792255162738066 BID 102 4281783
1781792255171022498 BID 102 11981468
1781792255182970312 ASK 105 563738
1781792255183129491 BID 94 1761825
1781792255183613639 ASK 106 17528092
1781792255201091257 BID 94 41679871
1781792255201173191 ASK 106 41884695
1781792255243001180 BID 95 4001516
1781792255243300902 ASK 109 8106468
1781792255251451242 ASK 109 3848680
1781792255255491011 ASK 105 3902160
1781792255258933038 BID 95 2751251
1781792255261720066 BID 99 6152562
1781792255265159098 ASK 105 5276257
1781792255268065120 BID 99 6700006
1781792255270527427 ASK 108 45273613
1781792255273748079 BID 94 42371018
1781792255316072089 ASK 108 3070748
1781792255316144915 BID 94 6967458
1781792255317225032 BID 87 7728661
1781792255319172853 ASK 102 8956383
1781792255326138004 BID 87 3467350
1781792255328232879 ASK 102 2914232
1781792255329634168 BID 92 2949138
1781792255331213997 ASK 103 21967821
1781792255352925848 BID 92 2200709
1781792255353362938 ASK 103 3015427
1781792255355298700 BID 94 3893194
1781792255356413431 ASK 103 11615661
1781792255367774775 BID 94 2137349
1781792255368058387 ASK 103 3215617
1781792255369181502 ASK 111 3961603
1781792255370087964 BID 93 4092798
1781792255373178872 ASK 111 1995394
1781792255374216459 BID 93 2098737
1781792255375210313 ASK 112 1817930
1781792255376412909 BID 95 1980225
1781792255377071374 ASK 112 2802237
1781792255378434431 BID 95 2210037
1781792255379898338 ASK 113 1579713
1781792255380945893 BID 95 14529207
1781792255395440465 ASK 113 1892618
1781792255395489277 BID 95 3041473
1781792255397524743 ASK 108 2890014
1781792255398853085 BID 96 17615949
1781792255416434099 ASK 108 41368586
1781792255416482009 BID 96 41412439
1781792255457862067 ASK 93 1470117
1781792255458875598 BID 84 2952289
1781792255462617528 BID 84 1721417
1781792255462674675 ASK 93 2765306
1781792255464365094 BID 90 2315484
1781792255465482841 ASK 95 18214337
1781792255483614854 BID 90 505979
1781792255483721814 ASK 95 1256082
1781792255484173943 BID 89 2006273
1781792255484764636 ASK 101 2448178
1781792255486241081 BID 89 34121306
1781792255520284060 ASK 101 622167
1781792255520378057 BID 88 1639154
1781792255521068702 ASK 102 5470673
1781792255526431232 BID 88 2117578
1781792255526569972 ASK 102 3058528
1781792255528569118 BID 87 2531900
1781792255529656322 ASK 106 2560404
1781792255531127247 BID 87 17759792
1781792255548849890 ASK 106 1800385
1781792255548900324 BID 85 2591129
1781792255550829371 ASK 107 2310374
1781792255552575356 BID 85 2850177
1781792255553170913 ASK 107 3317504
1781792255555519349 BID 98 3862107
1781792255556512693 ASK 108 20990905
1781792255577466739 BID 98 3857059
1781792255581288692 ASK 108 3328572
1781792255581335730 BID 100 4680904
1781792255584688888 ASK 105 45071609
1781792255587735939 BID 100 42090051
1781792255629795953 ASK 105 1487611
1781792255629840928 BID 98 3714418
1781792255631310675 ASK 106 4583709
1781792255638908409 BID 98 537628
1781792255639469110 BID 101 1303125
1781792255663943323 BID 101 1570036
1781792255665585213 BID 100 1231040
1781792255666904428 BID 100 2471236
1781792255669445205 BID 99 2224583
1781792255671697530 BID 99 2380576
1781792255674109606 BID 98 952246
1781792255677992284 BID 98 2578440
1781792255678967844 ASK 106 2955270
1781792255680645064 BID 100 3156985
1781792255681953841 ASK 107 5103342
1781792255687084324 ASK 107 2565120
1781792255689709186 ASK 108 2522206
1781792255691568018 BID 100 1794731
1781792255692298768 ASK 108 3470729
1781792255693574907 BID 98 3325609
1781792255695819401 ASK 109 43927820
1781792255696924411 BID 98 42975737
1781792255739834425 ASK 109 1745284
1781792255739952727 BID 91 2229272
1781792255741608944 ASK 103 2140543
1781792255747261125 BID 91 1354458
1781792255748189604 ASK 103 2876060
1781792255750214482 BID 90 2195190
1781792255750292389 ASK 104 3384320
1781792255752434829 BID 90 2505981
1781792255753701605 ASK 104 2505320
1781792255754965747 BID 89 2494018
1781792255756234176 ASK 105 2359537
1781792255757503838 BID 89 2406605
1781792255758632426 ASK 105 2519877
1781792255759931583 BID 91 2893993
1781792255761213508 ASK 100 44482620
1781792255764474279 BID 91 41286049
1781792255805732205 ASK 100 1598228
1781792255805834908 BID 89 2599386
1781792255807388312 ASK 99 3151522
1781792255810091979 BID 89 1600858
1781792255810561896 ASK 99 3113420
1781792255811718114 BID 88 3954523
1781792255813702036 ASK 94 5195502
1781792255815697965 BID 88 4694527
1781792255818961147 ASK 94 4136610
1781792255820437957 BID 87 4067852
1781792255823127914 ASK 95 4009411
1781792255824563958 BID 87 4599568
1781792255827198580 ASK 95 5132877
1781792255829244348 BID 86 5227898
1781792255832366302 ASK 96 5273506
1781792255834514896 BID 86 5373475
1781792255837682758 ASK 96 4775509
1781792255839912506 BID 85 5064661
1781792255842478565 ASK 97 5052213
1781792255845003807 BID 85 5064571
1781792255847558109 ASK 97 3751899
1781792255849433833 ASK 101 3062321
1781792255850095670 BID 88 8962098
1781792255859016711 ASK 101 881613
1781792255859162023 BID 88 1979403
1781792255859925616 ASK 102 3741899
1781792255861296247 BID 91 3613799
1781792255863773454 ASK 102 2429718
1781792255864973636 BID 91 2840338
1781792255866341512 ASK 103 2845097
1781792255867866873 BID 90 2517313
1781792255869219812 ASK 103 2604517
1781792255870441984 BID 90 2788682
1781792255871921220 ASK 104 2785435
1781792255873265211 BID 89 42455325
1781792255915688636 ASK 104 1780887
1781792255915742798 BID 89 4120426
1781792255916847691 BID 84 44865828
1781792255917053908 ASK 101 44720425
1781792255961747653 BID 84 964999
1781792255961785224 ASK 101 2129232
1781792255962783655 BID 83 2152259
1781792255963948941 ASK 100 2900924
1781792255966402566 BID 83 2258917
1781792255968710566 BID 89 1880638
1781792255977124620 ASK 100 1399456
1781792255978552349 ASK 101 2073217
1781792255992556781 BID 89 1431686
1781792255994054731 BID 88 2009317
1781792255995599930 ASK 101 2521159
1781792255996100837 BID 88 4283153
1781792255998181242 ASK 101 4554454
1781792256000443933 BID 89 3447095
1781792256003919963 BID 89 2526715
1781792256006524133 BID 88 2353463
1781792256008912322 BID 88 1083871
1781792256010027952 BID 87 2029993
1781792256012104542 BID 87 1277577
1781792256013408859 BID 86 2372110
1781792256015811958 BID 86 2247085
1781792256018160072 BID 85 2446340
1781792256024346003 ASK 101 678803
1781792256025089528 ASK 89 2242046
1781792256027391095 ASK 89 5586094
1781792256032938266 BID 85 3227455
1781792256032992608 ASK 101 4430783
1781792256036235172 BID 94 12998761
1781792256049179941 ASK 101 702999
1781792256049291621 BID 94 1821742
1781792256049982938 ASK 96 2268309
1781792256050627611 BID 86 3675465
1781792256054121195 ASK 96 1937363
1781792256054391583 BID 86 2489298
1781792256056083424 ASK 101 1558935
1781792256056976420 BID 85 7056781
1781792256063826272 ASK 101 814318
1781792256064301734 BID 85 2031791
1781792256065001667 ASK 98 2298259
1781792256066393799 BID 92 5028824
1781792256071385172 ASK 98 20194014
1781792256091425798 BID 92 2153981
1781792256091636033 ASK 104 2984168
1781792256093669047 BID 91 21227472
1781792256114835715 ASK 104 2372206
1781792256114912610 BID 91 3537416
1781792256117238369 ASK 102 2669822
1781792256118557237 BID 91 2580401
1781792256119940081 ASK 102 7161992
1781792256127067327 BID 91 1641901
1781792256127164149 ASK 98 2630298
1781792256128737310 BID 93 2973312
1781792256131608311 ASK 98 2801114
1781792256131780103 BID 93 3447768
1781792256134459229 ASK 98 3046725
1781792256135261715 BID 92 3301764
1781792256137535971 ASK 98 5515226
1781792256142991485 BID 92 745138
1781792256143069993 ASK 97 1641329
1781792256143816984 BID 91 3659756
1781792256147435152 ASK 97 10797085
1781792256158146436 BID 91 724740
1781792256158308510 ASK 99 1705970
1781792256158897816 BID 90 12124154
1781792256170980302 ASK 99 40972294
1781792256171047909 BID 90 40961082
1781792256211978074 ASK 105 143034
1781792256212022667 BID 91 1492294
1781792256218822784 ASK 105 1392167
1781792256219908376 BID 91 42782380
1781792256220250838 ASK 102 42491635
1781792256262711976 BID 88 910711
1781792256262758273 ASK 102 3374485
1781792256264390615 ASK 107 4203015
1781792256265553587 BID 88 10409594
1781792256275932884 ASK 107 464347
1781792256275974692 BID 88 1432687
1781792256276477150 ASK 108 11281538
1781792256287680061 BID 88 637857
1781792256287783725 ASK 108 1725617
1781792256288371207 BID 89 2425386
1781792256289570367 ASK 95 6881710
1781792256296405810 BID 89 8341979
1781792256304662219 ASK 95 1862213
1781792256304828791 BID 88 2925074
1781792256306596257 ASK 95 8824915
1781792256315373754 BID 88 726894
1781792256315445849 ASK 95 1850962
1781792256316167944 BID 86 2302314
1781792256317354479 ASK 99 2244451
1781792256318491318 BID 86 9929197
1781792256328367666 ASK 99 1845752
1781792256328433069 BID 86 2879742
1781792256330266979 ASK 97 11922346
1781792256342156033 BID 86 7879722
1781792256350002773 ASK 97 1397983
1781792256350047587 BID 91 43090710
1781792256350981780 ASK 99 42232900
1781792256393175647 BID 91 1346076
1781792256393414095 ASK 99 2150186
1781792256394546439 BID 95 2680696
1781792256395044756 ASK 109 10996925
1781792256406006956 BID 95 651918
1781792256406080474 ASK 109 2251213
1781792256406757760 BID 94 3159657
1781792256408407329 ASK 99 2961016
1781792256409948636 BID 94 4979389
1781792256414896055 ASK 99 1831663
1781792256414939487 BID 92 43737671
1781792256416691781 ASK 112 42125009
1781792256458746789 BID 92 2017090
1781792256458830887 ASK 112 2076833
1781792256459410381 BID 89 2621558
1781792256460935993 ASK 94 4056641
1781792256464906121 BID 89 2816498
1781792256467535539 ASK 94 41261251
1781792256467745492 BID 85 41111961
1781792256508820905 ASK 91 1900378
1781792256510747081 ASK 91 1412447
1781792256512194173 ASK 92 2616784
1781792256515308671 ASK 92 1284504
1781792256516626027 ASK 89 1407060
1781792256526786152 BID 85 1646399
1781792256528458790 BID 86 2187343
1781792256531248063 BID 86 1793154
1781792256533069890 BID 85 1303155
1781792256535953971 ASK 89 577714
1781792256536589002 ASK 90 2145395
1781792256538762189 ASK 90 1923489
1781792256540746041 ASK 91 1090316
1781792256541866964 ASK 91 2031201
1781792256543925746 ASK 92 2019068
1781792256545973037 ASK 92 2025350
1781792256548026479 ASK 93 1990384
1781792256549565807 BID 85 2467779
1781792256550099448 ASK 93 3008123
1781792256552111883 BID 86 2940757
1781792256553136475 ASK 94 3991767
1781792256555141437 BID 86 4116402
1781792256557151986 ASK 94 3074470
1781792256558736671 ASK 101 2608083
1781792256559281954 BID 91 9510692
1781792256568624560 ASK 101 1562953
1781792256568858289 BID 91 2368524
1781792256569967129 BID 85 3255237
1781792256570316395 ASK 102 4048887
1781792256573244508 BID 85 3158565
1781792256574419352 ASK 102 2976133
1781792256576558325 BID 88 2815071
1781792256577487438 ASK 103 2882808
1781792256580132379 BID 88 42535685
1781792256580436610 ASK 103 42329308
1781792256622700655 BID 104 2141348
1781792256622787448 ASK 108 4908180
1781792256627722809 ASK 108 8331255
1781792256636024579 BID 104 904912
1781792256636123875 ASK 110 2146211
1781792256637048394 BID 103 8882503
1781792256645901262 ASK 110 3328204
1781792256645941968 BID 103 4541209
1781792256647310987 BID 99 4723982
1781792256649321378 ASK 109 12303461
1781792256661500266 BID 99 16637310
1781792256678051273 ASK 109 692068
1781792256678374920 BID 100 1135370
1781792256678783066 ASK 108 7206359
1781792256685959729 BID 100 1482070
1781792256686299867 ASK 108 2047832
1781792256687471245 BID 99 1941714
1781792256688406649 ASK 105 11462546
1781792256699592927 BID 99 10970235
1781792256710510573 ASK 105 2629583
1781792256710592647 BID 96 3676813
1781792256713184309 ASK 102 3269539
1781792256716089780 BID 96 4390437
1781792256720349632 ASK 102 42061281
1781792256720512678 BID 95 42003502
1781792256762478790 ASK 109 120727
1781792256762531489 BID 95 1647491
1781792256764296350 BID 94 1207606
1781792256765531127 BID 94 1184292
1781792256766742500 BID 93 1194960
1781792256771952052 ASK 109 469741
1781792256772457560 ASK 106 1098131
1781792256778136715 BID 93 1492561
1781792256779720045 BID 102 1366093
1781792256791918820 ASK 106 6241389
1781792256798048590 BID 102 2169871
1781792256798264615 ASK 108 42407065
1781792256799626580 BID 93 41149416
1781792256840699352 ASK 108 790282
1781792256840807515 BID 93 1822338
1781792256841029381 BID 90 1964253
1781792256841514020 ASK 108 9769918
1781792256851247771 BID 90 628169
1781792256851313103 ASK 108 1454789
1781792256852096853 BID 89 1822790
1781792256852796396 ASK 106 1857375
1781792256853950511 BID 89 39674476
1781792256893476128 ASK 106 788049
1781792256893654753 BID 103 1901147
1781792256894288282 ASK 107 4849605
1781792256899010458 BID 103 1896112
1781792256899182897 ASK 107 1851253
1781792256900304585 BID 98 1922710
1781792256901058415 ASK 108 4014456
1781792256905037595 BID 98 24761929
1781792256929764297 ASK 108 1453838
1781792256929820382 BID 87 2287381
1781792256931246487 ASK 104 4541515
1781792256935583258 BID 87 1844772
1781792256935809221 ASK 104 2518561
1781792256937487951 BID 94 2314031
1781792256938394697 ASK 101 7347609
1781792256945659661 BID 94 2491198
1781792256945787120 ASK 101 2471011
1781792256946884674 ASK 106 41840813
1781792256947802160 BID 87 41060234
1781792256988897650 BID 87 234049
1781792256989770578 BID 90 383720
1781792256992052458 ASK 106 1840137
1781792256994062424 ASK 107 2186657
1781792256995876317 BID 90 1565272
1781792256996279819 ASK 107 3838466
1781792256997470423 BID 94 5621696
1781792257000148021 ASK 107 5377598
1781792257003115783 BID 94 5898861
1781792257009084515 BID 94 2060807
1781792257011206848 BID 94 1095730
1781792257012356809 BID 93 1293697
1781792257013716150 BID 93 1120201
1781792257015004095 BID 92 2050923
1781792257016610206 ASK 107 2554821
1781792257017961829 BID 90 3036968
1781792257019341438 ASK 107 3664264
1781792257024790881 ASK 107 2449840
1781792257026070692 BID 90 3262843
1781792257027327805 ASK 106 4880776
1781792257029360777 BID 98 5115910
1781792257032242275 ASK 106 4909818
1781792257034550695 BID 98 4877748
1781792257037243765 ASK 107 3646681
1781792257039563627 BID 97 3714816
1781792257040917607 ASK 107 5022159
1781792257043349045 BID 97 6623727
1781792257045968750 ASK 103 5141586
1781792257050068632 BID 93 4749065
1781792257054672092 ASK 103 2308289
1781792257054845688 BID 93 3034190
1781792257057014966 ASK 96 1811936
1781792257057940712 BID 92 11606531
1781792257069410246 ASK 96 474009
1781792257069578922 BID 92 1223105
1781792257069945470 ASK 97 1831430
1781792257070831863 BID 91 1832402
1781792257071845810 ASK 97 13751382
1781792257085565002 BID 91 788985
1781792257085734590 ASK 105 1765548
1781792257086415904 BID 90 2319482
1781792257087927349 ASK 105 1821763
1781792257088801819 BID 90 2010001
1781792257089782324 ASK 103 2190770
1781792257090866583 BID 89 2776764
1781792257092057572 ASK 103 16693891
1781792257108558912 BID 89 2424217
1781792257108882599 ASK 96 3237563
1781792257111025038 BID 90 2469680
1781792257112144658 ASK 96 5723154
1781792257117838116 BID 90 1966169
1781792257117887639 ASK 101 2904562
1781792257119829412 BID 89 2019291
1781792257120820684 ASK 101 2352561
1781792257121964641 BID 89 2311703
1781792257123202550 ASK 102 2075218
1781792257124304167 BID 89 2137302
1781792257125381543 ASK 102 12687637
1781792257138025939 BID 89 1676951
1781792257138234179 ASK 96 2301372
1781792257139730191 BID 88 42027072
1781792257181703261 ASK 96 2153476
1781792257181828446 BID 88 3870151
1781792257182462051 ASK 100 3824043
1781792257185730807 BID 94 23018132
1781792257208713823 ASK 100 1752347
1781792257208809362 BID 94 2736098
1781792257210528016 ASK 101 2549909
1781792257211625600 BID 93 2600835
1781792257213106849 ASK 101 3416204
1781792257216424989 BID 93 2777276
1781792257216596711 ASK 103 3709650
1781792257219248883 BID 92 1874086
1781792257221056122 ASK 103 23053539
1781792257244073173 BID 92 1623370
1781792257244122075 ASK 99 2585995
1781792257245731658 BID 92 9719103
1781792257255355693 ASK 99 3592214
1781792257255470388 BID 92 3988778
1781792257259010114 ASK 96 1683678
1781792257259548043 BID 91 11274652
1781792257270724631 ASK 96 2049514
1781792257272738989 ASK 98 6348054
1781792257279054923 BID 91 7251630
1781792257286230980 ASK 98 888651
1781792257286323364 BID 91 2244660
1781792257287149538 ASK 99 29529527
1781792257316540115 BID 91 8007882
1781792257324464751 ASK 99 42293602
1781792257324673382 BID 91 42307579
1781792257366782759 ASK 105 546145
1781792257367059508 BID 91 1604256
1781792257368731321 BID 90 2259199
1781792257372625781 BID 90 1645867
1781792257374308507 BID 89 2432971
1781792257376814364 BID 89 1110723
1781792257377985591 BID 88 3449371
1781792257380441528 ASK 105 3455698
1781792257383926531 ASK 93 2384594
1781792257386965602 ASK 93 1629708
1781792257388621329 ASK 94 2428857
1781792257390264852 BID 88 2240092
1781792257391080191 ASK 94 3811355
1781792257392588651 BID 88 5040977
1781792257394963160 ASK 95 5280880
1781792257399427761 BID 88 3083951
1781792257400273105 ASK 95 3437080
1781792257402580241 BID 87 3527127
1781792257403768184 ASK 96 4604193
1781792257406128618 BID 87 4443630
1781792257409379160 ASK 96 2483965
1781792257410600070 BID 87 2570298
1781792257411901658 ASK 105 3190760
1781792257414999955 BID 87 1572289
1781792257415141931 ASK 105 2445638
1781792257416610907 BID 96 2151961
1781792257417612536 ASK 101 2211513
1781792257418844762 BID 96 14855219
1781792257433639437 ASK 101 717316
1781792257433720990 BID 90 2041039
1781792257434383473 ASK 103 9245985
1781792257443503221 BID 90 570090
1781792257443757428 ASK 103 1263049
1781792257444147770 BID 93 2090432
1781792257445057517 ASK 106 3231385
1781792257448177583 BID 93 1524773
1781792257448436439 ASK 106 41470165
1781792257449418974 BID 90 40701812
1781792257490045805 ASK 107 1777956
1781792257490148127 BID 90 4646802
1781792257494886982 BID 102 755958
1781792257525586585 ASK 107 357380
1781792257526045375 ASK 108 976192
1781792257530669901 ASK 108 1864673
1781792257532688843 ASK 107 1992799
1781792257533193420 BID 102 12226928
1781792257545282279 ASK 107 2547038
1781792257545452388 BID 99 3376234
1781792257547912783 ASK 108 1860611
1781792257548952264 BID 99 1824232
1781792257549904199 ASK 108 2022765
1781792257550892654 BID 98 1959095
1781792257552042982 ASK 106 1775697
1781792257553005493 BID 98 41846798
1781792257594803450 ASK 106 1457184
1781792257594949975 BID 97 3706586
1781792257596006868 ASK 108 3617709
1781792257598730801 BID 97 2199065
1781792257599723683 ASK 108 2136448
1781792257600954663 BID 96 1747187
1781792257601896429 ASK 109 8630864
1781792257610385818 BID 96 1641233
1781792257610847058 ASK 109 2062043
1781792257612126999 BID 102 1656843
1781792257613077487 ASK 110 18095715
1781792257631136563 BID 102 2287844
1781792257633213602 ASK 110 1934799
1781792257633450717 BID 101 2645823
1781792257635262305 ASK 109 2673866
1781792257636195776 BID 101 25291317
1781792257661319619 ASK 109 575179
1781792257661604483 BID 96 1360300
1781792257661961242 ASK 102 16530407
1781792257678453387 BID 96 42299577
1781792257678519200 ASK 102 42323893
1781792257720810532 BID 94 1889025
1781792257720859023 ASK 101 3847489
1781792257735099329 BID 94 1435953
1781792257736573063 BID 97 1108460
1781792257744270972 ASK 101 2165014
1781792257746843881 ASK 102 4756904
1781792257751860633 ASK 102 4472912
1781792257756498894 ASK 103 146144
