1781792227933197815 BID 98 320684
1781792227933270101 ASK 102 40924391
1781792229766795748 ASK 102 194475
1781792229767038253 ASK 101 278793
1781792229775925441 ASK 101 225292
1781792229776212660 ASK 102 393338
1781792229791977965 BID 98 3525845
1781792229795562720 BID 97 1330135
1781792229796239019 ASK 102 1667207
1781792229798050036 ASK 101 2195439
1781792229813347985 ASK 101 1806319
1781792229814749204 BID 97 1375911
1781792229815546520 ASK 102 1932416
1781792229816180689 BID 98 2455236
1781792229828106132 BID 98 726443
1781792229828887357 BID 97 910478
1781792229860619089 ASK 102 5049813
1781792229865708577 ASK 100 741791
1781792229874781267 ASK 100 1001369
1781792229875835425 ASK 101 1429251
1781792229877292198 ASK 101 906160
1781792229878237591 ASK 102 899999
1781792229884809160 BID 97 808216
1781792229885768058 BID 96 1632183
1781792229919177755 BID 96 3487242
1781792229922745819 BID 98 2082807
1781792229927384461 ASK 102 3592860
1781792229929985851 BID 98 1597026
1781792229930994503 ASK 103 2733919
1781792229931621279 BID 97 4782066
1781792229936442078 BID 97 1467277
1781792229937979888 BID 96 1469877
1781792229960772105 BID 96 1591045
1781792229962406161 BID 95 2137480
1781792229977388658 BID 95 1946096
1781792229979359410 BID 97 3103818
1781792229982566001 BID 97 17948361
1781792230000348531 ASK 103 2783893
1781792230000617976 BID 95 4376050
1781792230003183659 ASK 104 9759248
1781792230012904155 BID 95 8919328
1781792230021587671 ASK 104 4531310
1781792230021935874 BID 94 7423947
1781792230026161030 ASK 102 26505308
1781792230052632886 BID 94 3143739
1781792230052679924 ASK 102 4851271
1781792230053888651 ASK 104 5006240
1781792230055967893 BID 101 30586309
1781792230086500351 ASK 104 2258647
1781792230086573648 BID 101 3422902
1781792230087450674 BID 94 2954051
1781792230088842876 ASK 105 41935921
1781792230136315674 BID 94 431174
1781792230136778637 BID 93 998779
1781792230156554061 ASK 105 508344
1781792230157123900 ASK 100 1898251
1781792230159087033 ASK 100 1868511
1781792230160987033 ASK 101 1833009
1781792230162845560 ASK 101 1895907
1781792230164804404 ASK 102 1913750
1781792230166742831 ASK 102 1990404
1781792230168782136 ASK 103 2712253
1781792230171697930 ASK 103 1643814
1781792230173389003 ASK 101 2027413
1781792230188581620 ASK 101 3257822
1781792230191331349 BID 93 1944894
1781792230191405608 ASK 105 3059990
1781792230193295768 BID 92 4515101
1781792230197651760 ASK 105 1745915
1781792230198837734 BID 92 1910434
1781792230199421260 ASK 96 2555730
1781792230200801368 BID 91 43872144
1781792230204019395 ASK 96 41019332
1781792230244762570 BID 91 1841620
1781792230246148094 ASK 106 2716231
1781792230246650436 BID 93 3406881
1781792230253292923 ASK 106 431840
1781792230253753767 ASK 104 1120492
1781792230264617277 BID 93 1883578
1781792230265841078 ASK 104 1837216
1781792230266529649 BID 92 2698868
1781792230267706187 ASK 104 4005243
1781792230269252723 BID 92 4964548
1781792230274241827 BID 91 2137134
1781792230275976266 ASK 104 4334306
1781792230280278202 BID 91 515527
1781792230280380594 ASK 106 1416252
1781792230280847920 BID 103 40749541
1781792230321555583 ASK 106 42219073
1781792230322898888 BID 103 40948654
1781792230363811114 ASK 108 3912890
1781792230363940567 BID 100 4927554
1781792230367827118 ASK 108 3100266
1781792230369105196 BID 100 2936119
1781792230371191299 ASK 109 3103652
1781792230372103380 BID 96 3220822
1781792230374902060 ASK 109 1855191
1781792230375345913 BID 96 2363835
1781792230376792477 ASK 110 2619093
1781792230377738411 BID 96 2655161
1781792230379641301 ASK 110 2047752
1781792230380980654 BID 96 1590914
1781792230381721654 ASK 107 2087033
1781792230382652841 BID 95 2017372
1781792230383843803 ASK 107 41847834
1781792230425724108 ASK 103 477500
1781792230429144068 BID 95 1527801
1781792230430769061 BID 94 2065831
1781792230438897553 ASK 103 4615891
1781792230443458802 BID 94 1294539
1781792230443558299 ASK 103 2081104
1781792230444778889 BID 92 1885867
1781792230445662897 ASK 103 1931353
1781792230446738014 BID 92 2006279
1781792230447622372 ASK 101 2065441
1781792230448782335 BID 95 21995206
1781792230470738248 ASK 101 2996812
1781792230472424662 BID 95 1717962
1781792230473763183 ASK 102 16292484
1781792230489991738 BID 95 1951972
1781792230490084572 ASK 102 3114422
1781792230491983063 BID 97 2545455
1781792230493309231 ASK 100 20187386
1781792230513462643 BID 97 562005
1781792230513512136 ASK 100 1571078
1781792230514092235 BID 96 1438779
1781792230514835138 ASK 105 1782174
1781792230515820948 BID 96 7064032
1781792230522817363 ASK 105 496120
1781792230522975900 BID 95 1500505
1781792230523385238 ASK 106 5205450
1781792230528497424 BID 95 3067756
1781792230531417201 ASK 106 1444500
1781792230531739145 BID 91 2036721
1781792230532890355 ASK 97 5619823
1781792230538379733 BID 91 1622183
1781792230538537248 ASK 97 2469563
1781792230539710760 ASK 106 2633656
1781792230540178758 BID 97 10051126
1781792230550080113 ASK 106 543810
1781792230550272384 BID 97 1303125
1781792230550739870 ASK 109 1763810
1781792230551615002 BID 96 6621718
1781792230558201944 ASK 109 1476846
1781792230558249965 BID 96 2490788
1781792230559705891 ASK 107 2088037
1781792230560822155 BID 91 2436015
1781792230563217263 ASK 107 17520102
1781792230580613153 BID 91 677827
1781792230580770858 ASK 107 1876486
1781792230581359528 BID 98 41428529
1781792230628298851 ASK 107 2082782
1781792230630408814 ASK 101 2526324
1781792230631109007 BID 98 6413587
1781792230637459736 BID 94 3946293
1781792230637487048 ASK 101 45248596
1781792230641512499 BID 94 41340514
1781792230682769787 ASK 96 2587244
1781792230683407123 BID 91 5506485
1781792230688426549 ASK 96 2758135
1781792230688976496 BID 91 3344409
1781792230691211054 ASK 102 2324710
1781792230692423498 BID 90 2481094
1781792230693619872 ASK 102 2643819
1781792230694932324 BID 90 3440034
1781792230696332561 ASK 103 3085759
1781792230698452067 BID 91 3308637
1781792230699448827 ASK 103 3898323
1781792230701860301 BID 91 3921837
1781792230703375002 ASK 104 3870391
1781792230705875503 BID 97 3975829
1781792230707272254 ASK 104 3786052
1781792230709930821 BID 97 3439543
1781792230711147534 ASK 105 3360685
1781792230713432861 BID 96 44236415
1781792230714535009 ASK 105 43225127
1781792230757711735 BID 96 141105
1781792230757783931 ASK 105 1278571
1781792230758547736 BID 100 2510820
1781792230763690634 ASK 105 506039
1781792230764224886 ASK 106 1198889
1781792230765505779 ASK 106 946305
1781792230766546031 ASK 107 3258413
1781792230768315230 BID 100 2439526
1781792230769832756 ASK 107 2045438
1781792230770833103 BID 97 2015281
1781792230771958054 ASK 102 29494111
1781792230801359531 BID 97 1720557
1781792230801526454 ASK 102 2764436
1781792230803155911 BID 100 2396185
1781792230804318352 ASK 107 2536027
1781792230805597221 BID 100 3860171
1781792230809368115 ASK 107 42455371
1781792230809476969 BID 97 42434823
1781792230851846660 ASK 113 731957
1781792230851925007 BID 97 1953479
1781792230853961983 BID 96 1456378
1781792230885989946 BID 96 1665731
1781792230887689681 BID 101 1278172
1781792230896510719 ASK 113 1895059
1781792230898437778 ASK 104 2951192
1781792230901505408 ASK 104 1458867
1781792230902993740 ASK 105 2984995
1781792230905377848 BID 101 2029738
1781792230906076068 ASK 105 43599740
1781792230907493127 BID 96 42312576
1781792230949718739 ASK 101 341247
1781792230949960359 BID 96 1914757
1781792230951146828 BID 97 3993053
1781792230955209371 BID 97 5323896
1781792230958062023 BID 93 4083871
1781792230959852330 ASK 101 5480311
1781792230962186390 BID 93 4000545
1781792230965286594 BID 91 41500564
1781792230965572663 ASK 107 41411304
1781792231006932962 BID 91 2118694
1781792231009087484 BID 97 1484356
1781792231013929003 BID 97 2009405
1781792231015975317 BID 99 1631950
1781792231020200193 BID 99 2680308
1781792231022111118 ASK 107 4038336
1781792231022905158 BID 98 6274390
1781792231026177997 ASK 108 5906942
1781792231029209434 BID 98 4513165
1781792231032113542 ASK 108 4428659
1781792231033866459 BID 97 7149925
1781792231036585462 ASK 109 6650175
1781792231043279830 ASK 109 1218366
1781792231044580761 ASK 110 1546561
1781792231052102351 BID 97 3185296
1781792231055316802 BID 106 3296724
1781792231058725256 BID 106 2345570
1781792231061206841 BID 105 1133787
1781792231062448150 BID 105 2067979
1781792231064541407 BID 104 2765669
1781792231066462286 ASK 110 43213413
1781792231067395091 BID 104 42478028
1781792231109716876 ASK 109 1101925
1781792231109958890 BID 98 2282231
1781792231112313918 BID 98 2805952
1781792231114309577 BID 92 18751811
1781792231132984504 ASK 109 1639899
1781792231133077388 BID 92 2583939
1781792231134270157 BID 88 1568213
1781792231134707928 ASK 109 37100406
1781792231171772978 BID 88 601422
1781792231171825697 ASK 109 1696026
1781792231172429013 BID 87 2249886
1781792231173579852 ASK 96 11597747
1781792231185110984 BID 87 2933478
1781792231185164004 ASK 96 4211670
1781792231188083185 BID 89 3120937
1781792231189407133 ASK 94 11867169
1781792231201236361 BID 89 2365030
1781792231203554684 ASK 94 555281
1781792231203652167 BID 87 1896057
1781792231204174106 ASK 96 12977455
1781792231217115925 BID 87 1899473
1781792231217378177 ASK 96 2867539
1781792231219054001 BID 92 2557307
1781792231220445772 ASK 99 4736365
1781792231225129438 BID 92 11356104
1781792231236339728 ASK 99 523422
1781792231236506682 BID 91 1638573
1781792231236934083 ASK 100 19259501
1781792231256156174 BID 91 1756765
1781792231256209254 ASK 100 2858852
1781792231257966720 BID 96 1247070
1781792231259098664 ASK 99 4976586
1781792231264018684 BID 96 40648697
1781792231264092052 ASK 99 40650620
1781792231304714088 BID 88 1062173
1781792231304755196 ASK 100 2006264
1781792231308552359 BID 88 473218
1781792231309087383 BID 87 1520502
1781792231314014536 BID 87 3100847
1781792231315309636 ASK 100 2173077
1781792231317031115 ASK 102 40839655
1781792231317140289 BID 88 40839646
1781792231357935662 ASK 102 180929
1781792231358001786 BID 88 252414
1781792231359433372 BID 86 1733331
1781792231359464139 ASK 105 4529272
1781792231370126993 BID 86 726342
1781792231370885386 BID 92 1408858
1781792231376700374 ASK 105 1477261
1781792231378207221 ASK 106 1209890
1781792231379478857 ASK 106 1237731
1781792231380745553 ASK 107 1468014
1781792231387252556 BID 92 1482611
1781792231388795831 BID 92 1175635
1781792231394042999 BID 92 1452220
1781792231395522290 BID 97 1165797
1781792231398548421 ASK 107 1951020
1781792231400528285 ASK 108 2591852
1781792231403917583 BID 97 8063603
1781792231411943215 ASK 108 725445
1781792231412009790 BID 92 1681548
1781792231412766694 ASK 95 41967696
1781792231454799592 ASK 95 1388839
1781792231455999396 ASK 97 1540908
1781792231460455242 ASK 97 6922516
1781792231467306224 BID 92 870037
1781792231467390763 ASK 107 2424188
1781792231468212620 BID 91 7179555
1781792231475347971 ASK 107 1880949
1781792231477003638 BID 91 1429141
1781792231477319179 ASK 108 2434211
1781792231478521745 BID 104 6504697
1781792231484918339 ASK 108 1681234
1781792231486227756 BID 104 1590414
1781792231486683611 ASK 109 2163830
1781792231487888612 BID 103 8339775
1781792231496195185 ASK 109 551674
1781792231496240640 BID 103 1850698
1781792231496782005 ASK 103 2448790
1781792231497667082 BID 91 11895310
1781792231509460250 ASK 103 607710
1781792231509608548 BID 91 1401189
1781792231510094931 ASK 101 2062669
1781792231511046516 BID 90 12443273
1781792231523413015 ASK 101 1717822
1781792231523517862 BID 90 2457661
1781792231525195479 ASK 102 2743578
1781792231526003194 BID 89 2991332
1781792231528002615 ASK 102 4390105
1781792231532340282 BID 89 1712904
1781792231532450539 ASK 105 2718300
1781792231534083703 BID 88 21494113
1781792231555490853 ASK 105 756198
1781792231555594978 BID 88 2973077
1781792231556283059 ASK 106 42422694
1781792231558122379 BID 85 40688732
1781792231598742733 ASK 106 1205161
1781792231598841588 BID 85 2346262
1781792231600030769 ASK 100 2407627
1781792231601214860 BID 94 3524672
1781792231604773796 BID 94 2325823
1781792231607160023 BID 93 1306972
1781792231614912867 ASK 100 463991
1781792231615470875 ASK 101 1253852
1781792231616752068 ASK 101 2456218
1781792231619232521 ASK 102 2851068
1781792231621465881 BID 93 3057195
1781792231622108276 ASK 102 5212156
1781792231624604669 BID 99 5734177
1781792231627352301 ASK 103 6694441
1781792231630511520 BID 99 7425678
1781792231635032301 ASK 109 7732294
1781792231638134248 BID 98 9078413
1781792231647368644 BID 98 3798284
1781792231651192436 BID 97 2925789
1781792231652498866 ASK 109 4456002
1781792231654148371 BID 97 4537622
1781792231656986908 ASK 113 3140542
1781792231658827669 BID 96 11607656
1781792231670197218 ASK 113 5591011
1781792231675631224 BID 96 1540731
1781792231676011949 ASK 113 3272569
1781792231677205107 BID 106 22569305
1781792231699575118 ASK 113 1491928
1781792231699899617 BID 106 2851689
1781792231701219623 ASK 101 2762462
1781792231702303025 BID 96 4665816
1781792231706913347 ASK 101 8432489
1781792231715294360 BID 96 321363
1781792231715395219 ASK 113 1347588
1781792231715767658 BID 103 41919633
1781792231757764506 BID 103 1648382
1781792231758291795 ASK 113 2109237
1781792231759453594 BID 96 3046285
1781792231760423203 ASK 112 3233206
1781792231763746147 ASK 112 1029982
1781792231764839298 ASK 113 3877103
1781792231772181832 BID 96 1209819
1781792231773420616 BID 95 1018631
1781792231775955552 ASK 113 1540410
1781792231777533672 ASK 113 705764
1781792231782234491 BID 95 514896
1781792231782806124 BID 101 2111020
1781792231784995942 BID 101 2664729
1781792231787113695 ASK 113 3238685
1781792231787692049 BID 106 5504296
1781792231790378219 ASK 110 4963872
1781792231808170898 ASK 110 21310854
1781792231829342682 BID 106 1358017
1781792231829508583 ASK 113 2043533
1781792231830742968 BID 105 12837227
1781792231843483704 ASK 113 2670830
1781792231845897292 BID 105 40781894
1781792231846243962 ASK 108 40648585
1781792231886709764 BID 95 1078914
1781792231886918285 ASK 108 3124832
1781792231890112247 ASK 108 2472851
1781792231892796615 ASK 108 2128849
1781792231894958606 ASK 100 2922272
1781792231924343050 BID 95 696858
1781792231924726460 ASK 100 1054227
1781792231925096825 BID 105 1043969
1781792231925434648 ASK 108 6871424
1781792231932198831 BID 105 11677879
1781792231943782965 ASK 108 3393552
1781792231944046098 BID 95 4360195
1781792231947206251 ASK 100 11000968
1781792231958100128 BID 95 1391033
1781792231958221646 ASK 100 2342969
1781792231959513192 BID 94 2233690
1781792231960655986 ASK 107 2161555
1781792231961774845 BID 94 2322828
1781792231962846515 ASK 107 3533181
1781792231964119874 BID 93 44374518
1781792231966036973 ASK 110 42540615
1781792232008546500 BID 93 1469207
1781792232008590292 ASK 110 3564567
1781792232009438123 BID 90 4060094
1781792232012190466 ASK 95 12020809
1781792232024066145 BID 90 1583130
1781792232025285603 ASK 95 1535420
1781792232025733673 BID 89 2158680
1781792232026848455 ASK 93 2248017
1781792232027950882 BID 89 3250128
1781792232031152189 ASK 93 40528079
1781792232031213995 BID 88 40549299
1781792232071723860 ASK 101 242615
1781792232071782931 BID 88 2064884
1781792232073977438 BID 97 4248360
1781792232086108014 ASK 101 6936383
1781792232093006155 BID 97 1532625
1781792232093210559 ASK 106 41479430
1781792232094127839 BID 91 40644995
1781792232134743840 ASK 106 1480031
1781792232134786209 BID 91 4994685
1781792232135248802 ASK 109 5985467
1781792232139801683 BID 90 4939321
1781792232142325363 ASK 109 3949349
1781792232144766613 BID 90 3049717
1781792232146303746 ASK 104 3139245
1781792232147859780 BID 89 2741053
1781792232149483607 ASK 104 17766088
1781792232167129470 BID 89 1841715
1781792232167333953 ASK 107 2690177
1781792232169044462 BID 101 31194958
1781792232200205236 ASK 107 2816766
1781792232200252805 BID 101 3997779
1781792232203053641 ASK 106 1791829
1781792232204277885 BID 92 2168902
1781792232204876839 ASK 106 3374663
1781792232207386497 BID 92 2662374
1781792232208275658 ASK 107 4103055
1781792232210110116 BID 91 3340698
1781792232212439377 ASK 107 2506026
1781792232213503122 BID 91 2662128
1781792232215006507 ASK 106 2294314
1781792232216193754 BID 90 2226648
1781792232217362858 ASK 106 2218812
1781792232218538774 BID 90 2154792
1781792232219655529 ASK 107 2182149
1781792232220767555 BID 101 2233736
1781792232221929019 ASK 107 42059976
1781792232264018842 ASK 109 188863
1781792232265250642 BID 101 877884
1781792232275010564 ASK 109 3409566
1781792232277938367 BID 101 2581233
1781792232278451099 ASK 107 3443184
1781792232280594740 BID 99 45122614
1781792232283949548 ASK 107 41828179
1781792232325747150 BID 99 633769
1781792232325796974 ASK 109 1871827
1781792232327100524 BID 97 1880087
1781792232345486716 BID 97 245791
1781792232345765720 BID 101 1342588
1781792232356811752 ASK 109 1913840
1781792232358789091 ASK 110 3090057
1781792232368949312 BID 101 1959646
1781792232369008433 ASK 110 3126420
1781792232370935508 BID 98 3811460
1781792232372169067 ASK 106 3806466
1781792232374775782 BID 98 32014898
1781792232406713224 ASK 106 885960
1781792232406831426 BID 91 1907551
1781792232407692940 ASK 107 4259586
1781792232411883045 BID 91 11706136
1781792232423550389 ASK 107 775900
1781792232423609429 BID 91 2221302
1781792232424363990 ASK 98 12690076
1781792232436897723 BID 91 1249942
1781792232437090945 ASK 98 1331125
1781792232438109674 ASK 107 40568909
1781792232438289111 BID 98 40447382
1781792232478708049 ASK 107 1177338
1781792232478750628 BID 98 3738639
1781792232479954176 ASK 108 4987001
1781792232482512972 BID 101 5117550
1781792232487747872 BID 101 2831903
1781792232489805004 ASK 108 4098208
1781792232490609812 BID 100 7522216
1781792232493933769 ASK 107 7331957
1781792232498164569 BID 100 5968787
1781792232501330898 ASK 107 4137642
1781792232504189321 BID 97 2261293
1781792232505604455 ASK 108 24665763
1781792232530235403 BID 97 1267808
1781792232530338025 ASK 108 2474572
1781792232531573974 BID 97 2364946
1781792232532875084 ASK 109 10147186
1781792232542934295 BID 97 27886866
1781792232570777630 ASK 109 1798293
1781792232570855456 BID 95 3037137
1781792232572629233 ASK 110 6609669
1781792232579204258 BID 95 3120860
1781792232579264260 ASK 110 4207699
1781792232582356196 BID 100 3283590
1781792232583494040 ASK 110 4673881
1781792232588002651 BID 100 2135183
1781792232588210782 ASK 110 3288907
1781792232590167119 BID 99 2712614
1781792232591522953 ASK 110 7542914
1781792232598967261 BID 99 19948545
1781792232618801341 ASK 110 470172
1781792232618938108 BID 96 1704958
1781792232619296751 ASK 111 12591586
1781792232631782609 BID 96 2434532
1781792232631942439 ASK 111 3939776
1781792232634266013 BID 95 2030008
1781792232635936346 ASK 107 24759066
1781792232660599061 BID 95 1734210
1781792232660719026 ASK 107 2563877
1781792232661915188 ASK 109 2644320
1781792232662367235 BID 96 9137914
1781792232671466025 ASK 109 3370513
1781792232671522611 BID 96 4291505
1781792232674906169 ASK 99 2331087
1781792232675844083 BID 96 2229413
1781792232677275548 ASK 99 10506495
1781792232687733803 BID 96 1588940
1781792232687798434 ASK 104 2538823
1781792232689476802 BID 95 9027479
1781792232698181145 ASK 104 1272016
1781792232698618936 BID 95 1748600
1781792232699737194 ASK 97 1687716
1781792232700528408 BID 94 7935734
1781792232708307779 ASK 97 377568
1781792232708557989 BID 94 1433349
1781792232708738517 ASK 100 2417485
1781792232710110782 BID 92 14633014
1781792232724561484 ASK 100 3303003
1781792232727825284 BID 92 2841821
1781792232727880127 ASK 104 3975088
1781792232730696570 BID 97 13262195
1781792232743919111 ASK 104 2306206
1781792232743978152 BID 97 3255867
1781792232746252348 ASK 105 3472284
1781792232747265298 BID 100 3998391
1781792232749786969 ASK 105 7527230
1781792232757227196 BID 100 520246
1781792232757357931 ASK 109 1694490
1781792232757782077 BID 99 7312960
1781792232765046957 ASK 109 559160
1781792232765119473 BID 99 1518378
1781792232765633617 ASK 104 2052571
1781792232766734683 BID 98 32787864
1781792232799411478 ASK 104 2152919
1781792232799588551 BID 98 2929545
1781792232800982987 BID 100 2608934
1781792232801620703 ASK 105 9877390
1781792232811395791 BID 100 720682
1781792232811517499 ASK 105 1920753
1781792232812209337 BID 99 3709479
1781792232813515277 ASK 106 3343893
1781792232816069288 BID 99 2413818
1781792232816946965 ASK 106 2417365
1781792232818655831 BID 98 1674332
1781792232819439741 ASK 106 21222849
1781792232840601616 BID 98 2967422
1781792232840722813 ASK 106 4129772
1781792232843605516 BID 97 3498773
1781792232844886098 ASK 107 3178713
1781792232847161537 BID 97 2991678
1781792232848115176 ASK 107 3173759
1781792232850237242 BID 96 3057982
1781792232851369606 ASK 106 2711712
1781792232853346790 BID 96 6258381
1781792232859571849 ASK 106 437781
1781792232859646599 BID 95 1478033
1781792232860038995 ASK 108 3580512
1781792232863588008 BID 95 7977601
1781792232871386052 ASK 108 1226501
1781792232872280129 BID 92 1406850
1781792232872720365 ASK 109 5724923
1781792232878348827 BID 92 2786215
1781792232881039242 ASK 109 402946
1781792232881177892 BID 92 1302464
1781792232881554399 ASK 97 22665665
1781792232904131618 BID 92 460084
1781792232904277692 ASK 97 1226811
1781792232904637647 BID 106 1096356
1781792232905149457 ASK 110 13224689
1781792232918339481 BID 106 1478358
1781792232918435141 ASK 110 2419103
1781792232919880878 BID 99 2261943
1781792232920963188 ASK 111 2263497
1781792232922181774 BID 99 2066660
1781792232923313157 ASK 111 2206843
1781792232924351087 BID 98 2330432
1781792232925620639 ASK 112 2055215
1781792232926748214 BID 98 4617923
1781792232931334438 ASK 112 1506618
1781792232931377819 BID 99 2459286
1781792232932910176 ASK 113 1213787
1781792232933956829 BID 99 9692598
1781792232943596218 ASK 113 2504759
1781792232943662432 BID 92 3454360
1781792232946172921 ASK 101 9515822
1781792232955455736 BID 92 8566411
1781792232963984116 ASK 101 1301777
1781792232964039500 BID 92 2207516
1781792232965494254 ASK 95 1703696
1781792232966276140 BID 92 17816081
1781792232984058758 ASK 95 775607
1781792232984106849 BID 89 2007496
1781792232984900069 ASK 96 3807911
1781792232986823134 BID 89 2960662
1781792232988734440 ASK 96 2321422
1781792232989846664 BID 88 2726826
1781792232991118670 ASK 97 31016932
1781792233022002152 BID 88 753293
1781792233022225531 ASK 97 1799175
1781792233022842318 BID 93 2665300
1781792233024179547 ASK 98 12509507
1781792233036526870 BID 93 1992538
1781792233036718981 ASK 98 3017440
1781792233038210228 ASK 101 4211118
1781792233038626028 BID 89 7314891
1781792233045784816 ASK 101 1011089
1781792233046044734 BID 89 2022346
1781792233046879221 ASK 107 3321852
1781792233048096184 BID 88 42613463
1781792233093760691 BID 88 1473313
1781792233095262278 BID 93 2324811
1781792233097624990 BID 93 2369425
1781792233100024802 BID 103 2281701
1781792233105229135 BID 103 1473645
1781792233106749969 BID 102 3663874
1781792233110486568 BID 102 1528818
1781792233112094214 BID 101 1307312
1781792233113460758 BID 101 1239294
1781792233114772829 BID 100 1316870
1781792233116168257 BID 100 1130911
1781792233117361756 BID 99 2178787
1781792233118994489 ASK 107 2983377
1781792233119563787 BID 99 3615984
1781792233121379052 BID 89 3024384
1781792233122001700 ASK 106 13448735
1781792233135348013 BID 89 11083423
1781792233146395138 ASK 106 1977812
1781792233146453828 BID 99 3001543
1781792233148487645 ASK 107 8471390
1781792233156867514 BID 99 6242944
1781792233162908298 ASK 107 1936303
1781792233163259527 BID 92 2503637
1781792233164873946 ASK 109 45069362
1781792233165802247 BID 92 44449970
1781792233209980638 ASK 109 2591957
1781792233210285891 BID 92 4690277
1781792233212605597 ASK 95 4540842
1781792233215003739 BID 92 4286508
1781792233219322308 BID 91 2153479
1781792233220957154 ASK 95 2561115
1781792233221541651 BID 91 42133888
1781792233223225350 ASK 98 40569192
1781792233263708040 BID 85 692890
1781792233263842642 ASK 98 1631489
1781792233264146182 ASK 103 42399659
1781792233306512038 BID 85 2043240
1781792233306562763 ASK 103 3148128
1781792233308593379 BID 99 1159070
1781792233309726300 ASK 104 19528750
1781792233329215837 BID 99 1778451
1781792233329333928 ASK 104 2703257
1781792233331028082 BID 98 2239448
1781792233332064025 ASK 105 2200756
1781792233333299971 BID 98 3713880
1781792233336974858 ASK 105 558307
1781792233337127805 BID 91 1350162
1781792233337736447 ASK 104 18034333
1781792233355510801 BID 91 672902
1781792233356030937 ASK 104 1309787
1781792233356300543 BID 90 2627398
1781792233357465618 ASK 105 3339355
1781792233358956465 BID 90 2805042
1781792233360845609 ASK 105 3566942
1781792233361786063 BID 89 3965414
1781792233364518199 ASK 106 6319543
1781792233370714110 BID 89 355098
1781792233370859363 ASK 106 1256308
1781792233371086922 BID 88 2165527
1781792233372151098 ASK 99 2128934
1781792233373314886 BID 88 4073151
1781792233377308057 ASK 99 340880
1781792233377442069 BID 86 1152973
1781792233377707357 ASK 105 3493519
1781792233381110666 BID 86 1730845
1781792233381266018 ASK 105 2737243
1781792233382868241 BID 89 1256267
1781792233384032916 ASK 109 3002290
1781792233387003907 BID 89 9304466
1781792233396229064 ASK 109 2115108
1781792233396336746 BID 86 3203363
1781792233398370180 ASK 99 3479720
1781792233401780159 BID 86 2040196
1781792233401875468 ASK 99 3172620
1781792233403846724 BID 90 2593405
1781792233405089325 ASK 109 5421193
1781792233410467167 BID 90 2848687
1781792233410588644 ASK 109 3955242
1781792233413465634 BID 86 2352580
1781792233414565427 ASK 96 4277823
1781792233418809116 BID 86 1945159
1781792233418864139 ASK 96 3275633
1781792233420002605 ASK 95 43674113
1781792233420780865 BID 85 42981384
1781792233463705883 ASK 95 199440
1781792233463774272 BID 85 1398894
1781792233464651372 ASK 110 1741212
1781792233465201930 BID 95 2588484
1781792233469540740 ASK 110 1553251
1781792233471126563 ASK 100 2230132
1781792233475176458 BID 95 42994562
1781792233475206424 ASK 100 43182134
1781792233518320300 BID 89 269446
1781792233518409678 ASK 109 1391017
1781792233525857147 BID 89 1495485
1781792233526937784 ASK 109 1541114
1781792233527396385 BID 93 3194235
1781792233528527058 ASK 110 4113006
1781792233532188595 BID 93 1618338
1781792233533886552 BID 95 1891293
1781792233538751519 BID 95 2418161
1781792233541271952 BID 97 2056097
1781792233548356485 BID 97 1818450
1781792233550237051 BID 102 1387563
1781792233556059406 BID 102 2742545
1781792233558709939 ASK 110 1964634
1781792233558824323 BID 100 3233714
1781792233560704017 ASK 106 5138560
1781792233565795338 BID 100 582207
1781792233565893252 ASK 106 1817592
1781792233566410707 BID 99 2344609
1781792233567742163 ASK 107 2267842
1781792233568786304 BID 99 2356490
1781792233570055661 ASK 107 2093897
1781792233571174334 BID 98 2015275
1781792233572211564 ASK 108 2012811
1781792233573252948 BID 98 2103581
1781792233574246397 ASK 108 2234837
1781792233575439836 BID 97 3276245
1781792233576522261 ASK 109 17932912
1781792233594351799 BID 97 41365617
1781792233594535714 ASK 109 41387138
1781792233635864392 BID 97 2004701
1781792233635977103 ASK 109 4316102
1781792233644009622 BID 97 1497880
1781792233645533100 BID 96 2971800
1781792233648618343 BID 96 3107640
1781792233651820500 BID 103 3026984
1781792233661698712 ASK 109 877261
1781792233662605298 ASK 110 1547337
1781792233670695292 BID 103 2322204
1781792233673046080 BID 102 1449580
1781792233674584897 BID 102 1329023
1781792233675943916 BID 101 1824758
1781792233677801495 BID 101 2508935
1781792233679802329 ASK 110 3440464
1781792233680366525 BID 100 4346446
1781792233683291365 ASK 112 17584067
1781792233700721683 BID 100 16841796
1781792233717528383 ASK 112 3550276
1781792233717660300 BID 106 5011968
1781792233721159801 ASK 110 4242972
1781792233725300140 BID 106 14350925
1781792233739513477 ASK 110 2030985
1781792233739679248 BID 99 3050811
1781792233741644941 ASK 111 2505290
1781792233742769823 BID 99 2550146
1781792233744182952 ASK 111 2444669
1781792233745412032 BID 103 2424364
1781792233746721066 ASK 110 24723320
1781792233771379254 BID 103 3152544
1781792233771469183 ASK 110 44214103
1781792233772917691 ASK 113 42832481
1781792233774068788 BID 100 41729764
1781792233815772914 ASK 113 956504
1781792233815814272 BID 100 3213620
1781792233816147457 BID 97 4000437
1781792233816789531 ASK 108 4462221
1781792233820174514 BID 97 28794030
1781792233848821748 ASK 108 2170802
1781792233849086214 BID 93 3612377
1781792233851025783 ASK 109 5798306
1781792233856743697 BID 93 1966862
1781792233856842392 ASK 109 3348912
1781792233858733191 BID 92 3290834
1781792233860225819 ASK 110 3070292
1781792233862071704 BID 92 23175395
1781792233885214288 ASK 110 580700
1781792233885261877 BID 101 1601103
1781792233885925261 ASK 113 4710905
1781792233890599598 BID 101 7957481
1781792233898497336 ASK 113 1590043
1781792233898578799 BID 94 2484822
1781792233900179402 ASK 105 4509427
1781792233904649886 BID 94 3222215
1781792233907368346 ASK 105 3030695
1781792233907935730 BID 100 3622065
1781792233910503347 ASK 106 2385750
1781792233911689853 BID 100 2237372
1781792233912660338 BID 92 42080028
1781792233913024271 ASK 106 41795975
1781792233954759231 BID 92 242485
1781792233954839051 ASK 113 1706030
1781792233956012522 BID 101 1944077
1781792233959762517 BID 101 2166960
1781792233959820245 ASK 113 3119246
1781792233962017522 BID 98 2176072
1781792233962970229 ASK 113 16583160
1781792233979511050 BID 98 1527256
1781792233979573196 ASK 113 2854715
1781792233981101624 BID 94 2815001
1781792233982525194 ASK 106 3049719
1781792233983952762 BID 94 2936897
1781792233986245581 ASK 106 1962299
1781792233986924545 BID 93 2578946
1781792233988247054 ASK 98 2503757
1781792233989540691 BID 93 10134953
1781792233999606223 ASK 98 43398515
1781792233999690492 BID 91 43405889
1781792234043055043 ASK 103 326142
1781792234043138129 BID 91 1391149
1781792234044781722 BID 90 2188531
1781792234051348386 BID 90 1291743
1781792234052328244 ASK 103 1251005
1781792234052755766 BID 89 2189232
1781792234053695898 ASK 104 3447915
1781792234059994444 ASK 104 414868
1781792234060737340 ASK 93 884874
1781792234066433652 ASK 93 625443
1781792234067086316 ASK 94 1402862
1781792234068514926 ASK 94 1457446
1781792234070007308 ASK 95 2387348
1781792234079829833 ASK 95 1735356
1781792234081671227 ASK 96 1222564
1781792234082928275 ASK 96 2307609
1781792234084518128 BID 89 2910550
1781792234085270209 ASK 97 4273166
1781792234087494852 BID 92 4124998
1781792234089576958 ASK 97 3109263
1781792234092711078 ASK 98 1937254
1781792234094682757 ASK 98 1970536
1781792234096725529 ASK 99 2152768
1781792234098916890 ASK 99 2679857
1781792234101149729 BID 92 2647288
1781792234101711825 ASK 100 4123073
1781792234103891043 BID 94 2973599
1781792234105878450 ASK 100 2899972
1781792234106908665 BID 94 4112264
1781792234108877478 ASK 101 4598286
1781792234111096310 BID 93 4452193
1781792234113510189 ASK 101 4237650
1781792234115778063 BID 93 3851426
1781792234117792452 ASK 102 4238121
1781792234119712154 BID 96 4277224
1781792234122068575 ASK 102 3850774
1781792234125415253 BID 96 1800195
1781792234125993578 ASK 103 3250556
1781792234127291941 BID 95 4800726
1781792234129297113 ASK 103 5803568
1781792234135225665 ASK 104 2038715
1781792234137297692 ASK 104 2289157
1781792234139657481 ASK 105 1881931
1781792234141610575 ASK 105 2094720
1781792234143759827 ASK 106 904968
1781792234144744314 ASK 106 2228733
1781792234147013733 ASK 107 1650284
1781792234148704383 ASK 107 1844668
1781792234150604335 ASK 100 1123718
1781792234155699454 BID 95 1701432
1781792234157425702 BID 94 2241199
1781792234164976137 BID 94 1462148
1781792234165077517 ASK 100 1537238
1781792234166346913 ASK 109 41366398
1781792234166498146 BID 93 41334940
1781792234207849497 BID 93 1441466
1781792234209316311 BID 106 1102660
1781792234215505424 BID 106 5338124
1781792234220589210 ASK 109 2137475
1781792234220909982 BID 102 3128724
1781792234222786327 ASK 111 2880659
1781792234224107826 BID 102 5261356
1781792234229075721 ASK 111 1522025
1781792234229400230 BID 101 2169418
1781792234230632642 ASK 107 10283862
1781792234240880787 BID 101 40898731
1781792234240961298 ASK 107 40842315
1781792234281830794 ASK 116 220383
1781792234282870239 BID 107 581411
1781792234291830458 BID 107 2873711
1781792234294733244 BID 107 2654610
1781792234300010885 BID 107 16527059
1781792234316325917 ASK 116 2436396
1781792234316711360 BID 101 3125588
1781792234318795695 ASK 116 7000250
1781792234325574830 BID 101 2904632
1781792234325831893 ASK 116 3659136
1781792234328789804 BID 100 1984913
1781792234329710641 ASK 108 3393306
1781792234332706461 BID 100 10838202
1781792234343501903 ASK 108 545263
1781792234343726414 BID 98 1262958
1781792234344071351 ASK 109 30910278
1781792234374944439 BID 98 41911581
1781792234376168886 ASK 109 40745524
1781792234416886317 BID 93 1094303
1781792234416928526 ASK 104 1447640
1781792234425296384 BID 93 607275
1781792234426039593 BID 92 1248622
1781792234435682072 BID 92 1478994
1781792234437190191 BID 101 1035090
1781792234441965247 BID 101 25843180
1781792234467771868 ASK 104 524155
1781792234467889649 BID 99 1422280
1781792234468353561 ASK 105 3678479
1781792234471988609 BID 99 9177120
1781792234481123470 ASK 105 601308
1781792234481181168 BID 97 1996531
1781792234481835967 ASK 106 41938617
1781792234523804819 ASK 106 113243
1781792234524999321 ASK 104 1808282
1781792234532021101 BID 97 455364
1781792234532567506 BID 96 1095104
1781792234533698338 BID 96 1551186
1781792234535311761 BID 95 2381719
1781792234547554313 BID 95 6427929
1781792234553945513 ASK 104 1295470
1781792234553994575 BID 92 2255105
1781792234555560553 ASK 105 7516880
1781792234563010507 BID 92 2290064
1781792234563133147 ASK 105 3397160
1781792234564746551 ASK 96 1981101
1781792234565328592 BID 91 5890682
1781792234571186012 ASK 96 25380021
1781792234596533402 BID 91 613331
1781792234596585310 ASK 104 1806559
1781792234597175427 BID 90 6998203
1781792234604103128 ASK 104 7408558
1781792234611448308 BID 90 1690080
1781792234611591687 ASK 113 2708110
1781792234613169196 BID 91 2497961
1781792234614359880 ASK 113 3863757
1781792234618172891 BID 91 2731644
1781792234618242221 ASK 102 3700231
1781792234621006697 BID 90 19353006
1781792234640318767 ASK 102 522827
1781792234640397404 BID 90 1498431
1781792234640917377 ASK 103 2200350
1781792234642013566 BID 93 2567888
1781792234643147714 ASK 103 3996369
1781792234647016552 BID 93 2740102
1781792234647241406 ASK 104 4192705
1781792234649801598 BID 92 42338748
1781792234692092536 ASK 104 172293
1781792234693057572 ASK 102 1764672
1781792234696693637 BID 92 586889
1781792234697348173 BID 97 1924150
1781792234699301748 BID 97 4114927
1781792234703384465 ASK 102 1489649
1781792234703432685 BID 92 2493733
1781792234704937303 ASK 97 6633223
1781792234707829618 BID 92 3848560
1781792234711376893 BID 90 42364375
1781792234712555021 ASK 97 41259965
1781792234753754663 BID 90 1169350
1781792234754273332 ASK 112 2891609
1781792234754944721 BID 94 4523270
1781792234757191411 ASK 112 4265987
1781792234759489171 BID 94 3088925
1781792234761480091 ASK 113 2261457
1781792234762603654 BID 97 2195193
1781792234766462288 BID 97 841915
1781792234767385644 BID 96 982649
1781792234768479912 BID 96 962411
1781792234769560204 BID 95 990769
1781792234770782607 BID 95 1792493
1781792234772603714 BID 94 2021362
1781792234774745502 BID 94 2027683
1781792234775228177 ASK 113 2481936
1781792234776918819 BID 93 1773006
1781792234777983246 ASK 96 1650015
1781792234779001035 BID 93 2809320
1781792234781646077 ASK 96 1665194
1781792234781839610 BID 92 3290273
1781792234783399938 ASK 97 3786072
1781792234785335990 BID 92 2907084
1781792234788324456 BID 91 839645
1781792234789277844 BID 91 981269
1781792234790409315 BID 90 1875358
1781792234792310071 BID 90 1987729
1781792234794448052 BID 92 2069593
1781792234795993300 ASK 97 2471887
1781792234796555715 BID 92 2802770
1781792234798552301 ASK 111 2446562
1781792234799388251 BID 91 3026327
1781792234801038347 ASK 111 2538460
1781792234802448051 BID 91 2103094
1781792234803613526 ASK 112 2009008
1781792234804581842 BID 92 1983301
1781792234805782024 ASK 112 3796652
1781792234809375946 BID 92 621766
1781792234809683683 ASK 113 1082341
1781792234810025615 BID 102 5870184
1781792234815765094 ASK 113 3243815
1781792234818937105 BID 102 1336627
1781792234819029718 ASK 112 2279572
1781792234820302046 BID 101 4647659
1781792234824853484 ASK 112 995858
1781792234824975052 BID 101 2183546
1781792234825880140 ASK 113 2233750
1781792234827177344 BID 109 19150957
1781792234846285971 ASK 113 2565022
1781792234846347917 BID 109 3649381
1781792234847363041 BID 99 3763826
1781792234848884425 ASK 113 10085586
1781792234858930076 BID 99 400381
1781792234858988446 ASK 113 1396494
1781792234859363099 BID 94 2003212
1781792234860410739 ASK 114 3832470
1781792234864200419 BID 94 9616060
1781792234873723955 ASK 114 347683
1781792234873909433 BID 98 1212014
1781792234874132932 ASK 115 41846995
1781792234916010945 ASK 115 1242877
1781792234916810400 BID 98 1681619
1781792234917316490 ASK 114 2566256
1781792234918522036 BID 111 2774204
1781792234923187167 BID 111 4582467
1781792234927731443 ASK 114 1442715
1781792234927782258 BID 97 2383650
1781792234929267602 ASK 102 3031648
1781792234932157113 BID 97 4834539
1781792234936862060 ASK 102 1471881
1781792234937010238 BID 100 41657658
1781792234937935734 ASK 109 40836327
1781792234978699685 BID 100 132238
1781792234978791758 ASK 109 1843849
1781792234979441827 BID 102 2062100
1781792234979463708 ASK 114 8669093
1781792234988097285 BID 102 2066752
1781792234988147278 ASK 114 3276151
1781792234990240309 BID 94 2621989
1781792234991444999 ASK 107 43266395
1781792235034757591 ASK 107 2007035
1781792235035385828 ASK 113 3383382
1781792235038384453 BID 94 3360899
1781792235038893442 ASK 113 5470743
1781792235041767444 BID 96 3731820
1781792235044424578 ASK 112 2360464
1781792235049640642 BID 96 1492502
1781792235051158721 BID 108 2493165
1781792235052910896 ASK 112 42831392
1781792235054798497 BID 108 41279340
1781792235095827478 ASK 114 1716621
1781792235097088924 BID 93 2700939
1781792235099372119 ASK 114 2543057
1781792235101939953 ASK 113 2088347
1781792235111247478 ASK 113 1880248
1781792235113153794 ASK 102 2902805
1781792235116117554 ASK 102 3048737
1781792235119248635 ASK 102 2114748
1781792235121400773 ASK 102 4480402
1781792235125714863 BID 93 700053
1781792235125990941 ASK 113 1545018
1781792235126523690 BID 103 5329584
1781792235131692362 ASK 113 6824192
1781792235138483001 BID 103 784637
1781792235138528386 ASK 114 2228018
1781792235139292084 BID 93 18567978
1781792235157821130 ASK 114 1547964
1781792235157900779 BID 93 2504518
1781792235159433865 ASK 115 2764907
1781792235160448629 BID 103 43241236
1781792235206012091 ASK 115 502422
1781792235206537897 ASK 114 1332733
1781792235221082177 BID 103 765616
1781792235221873732 BID 102 3133523
1781792235223390161 ASK 114 2820935
1781792235225095120 BID 102 2212020
1781792235226266891 ASK 112 3035371
1781792235227330333 BID 101 4036587
1781792235230939674 ASK 112 3116790
1781792235231396286 BID 101 5386800
1781792235234109984 ASK 105 4487926
1781792235236804055 BID 100 3773671
1781792235238621595 ASK 105 4421936
1781792235240604837 BID 100 6001202
1781792235243066975 ASK 106 43621715
1781792235246569300 BID 99 40180294
1781792235286717163 ASK 106 237445
1781792235286763710 BID 99 303174
1781792235289804049 BID 93 454227
1781792235289840597 ASK 109 1946491
1781792235293207032 ASK 109 1838985
1781792235295101581 ASK 100 2772985
1781792235301020057 ASK 100 1762477
1781792235302315458 BID 93 1763986
1781792235302838759 ASK 101 2538289
1781792235304107376 BID 97 3758193
1781792235305405101 ASK 101 3772131
1781792235309248777 ASK 102 1291529
1781792235310564721 ASK 102 1652460
1781792235312247117 ASK 103 1495588
1781792235313768013 ASK 103 2631704
1781792235316474888 ASK 104 2605130
1781792235319129601 ASK 104 2607068
1781792235321799036 ASK 103 2947494
1781792235329925937 BID 97 2398657
1781792235330086558 ASK 103 3667350
1781792235332352306 BID 93 3157296
1781792235333783784 ASK 109 5966052
1781792235339631514 BID 93 3033359
1781792235339889428 ASK 109 3843428
1781792235341255311 ASK 115 3779490
1781792235342745684 BID 92 3840122
1781792235345064667 ASK 115 14603816
1781792235359588854 BID 92 3333158
1781792235359751930 ASK 112 4546246
1781792235362961035 BID 93 3214756
1781792235364324486 ASK 112 3095454
1781792235366247876 BID 93 2472624
1781792235367483650 ASK 113 1992648
1781792235368813945 BID 102 2032586
1781792235369504511 ASK 113 20077410
1781792235389374572 BID 102 1680192
1781792235390114179 ASK 111 1979401
1781792235391075152 BID 101 2290227
1781792235392147872 ASK 111 2274529
1781792235393508207 BID 101 2097675
1781792235394455383 ASK 112 2303492
1781792235395758538 BID 100 3393346
1781792235398909489 ASK 112 2536719
1781792235399297267 BID 100 3120944
1781792235401511921 ASK 107 2366630
1781792235402865250 BID 93 3154275
1781792235405478292 ASK 107 2115336
1781792235406243475 BID 93 2391627
1781792235407937453 ASK 108 2271191
1781792235408886474 BID 92 2319401
1781792235410238821 ASK 108 41445519
1781792235451763359 ASK 106 1206313
1781792235454735134 BID 92 1387593
1781792235456144347 BID 98 1939160
1781792235463073118 ASK 106 770876
1781792235463909597 ASK 107 2874445
1781792235466814499 ASK 107 1180039
1781792235468023853 ASK 108 2468445
1781792235478322325 BID 98 7169510
1781792235485424489 ASK 108 1661985
1781792235485506633 BID 92 2685307
1781792235487145706 ASK 106 4305036
1781792235491419513 BID 92 1398103
1781792235491466061 ASK 106 2500545
1781792235492840479 BID 99 2269772
1781792235494048960 ASK 108 7386097
1781792235501369333 BID 99 41366012
1781792235502472833 ASK 108 40308799
1781792235542753610 BID 92 2254906
1781792235542795919 ASK 104 4477997
1781792235547343827 ASK 104 2439466
1781792235549848465 ASK 105 2905962
1781792235565977063 BID 92 687662
1781792235566136572 ASK 105 1700672
1781792235566697045 BID 103 2305804
1781792235567867942 ASK 111 3052704
1781792235570878417 BID 103 3275144
1781792235574116362 ASK 111 684915
1781792235574210308 BID 92 1749912
1781792235574830131 ASK 110 23196275
1781792235597948841 BID 92 677571
1781792235598075078 ASK 110 1657354
1781792235598647712 BID 91 2269282
1781792235599795320 ASK 108 2419273
1781792235600959434 BID 91 6698033
1781792235607497808 ASK 108 1861232
1781792235607678487 BID 96 2911312
1781792235609433629 ASK 105 5433531
1781792235614792230 BID 96 1749011
1781792235614882399 ASK 105 2859268
1781792235616589441 BID 91 3288099
1781792235617826646 ASK 105 3217482
1781792235619909199 BID 91 9818309
1781792235629669419 ASK 105 669049
1781792235629747245 BID 95 1803047
1781792235630371650 ASK 103 4112856
1781792235634330848 BID 95 1850040
1781792235634650668 ASK 103 2607812
1781792235636263503 BID 94 3123991
1781792235637288446 ASK 101 3196397
1781792235639413673 BID 94 16464397
1781792235655440419 ASK 101 43346608
1781792235657015885 BID 90 41828740
1781792235698815571 ASK 106 3017165
1781792235698855526 BID 90 4006321
1781792235702919495 BID 90 2029327
1781792235706608911 BID 90 2476381
1781792235709151346 BID 95 2637110
1781792235711445994 ASK 106 1528236
1781792235713006271 ASK 107 1131824
1781792235714212283 ASK 107 2461094
1781792235716721337 ASK 108 2379303
1781792235725501231 BID 95 490941
1781792235726038369 BID 99 1084362
1781792235735411279 BID 99 1495829
1781792235736938587 BID 102 1886650
1781792235740321373 BID 102 516429
1781792235740875222 BID 101 994002
1781792235741906384 BID 101 1071182
1781792235743007012 BID 100 2930936
1781792235745963976 BID 100 2763564
1781792235747977072 ASK 108 3061654
1781792235748770100 BID 99 4967209
1781792235751066639 ASK 106 5294473
1781792235753781522 BID 99 15420832
1781792235769143303 ASK 106 1715892
1781792235769320425 BID 89 2602560
1781792235770886205 ASK 93 27080518
1781792235797922951 BID 89 1682451
1781792235797983925 ASK 93 2603860
1781792235799057723 ASK 98 2845757
1781792235799629607 BID 93 10194513
1781792235809793012 ASK 98 1647949
1781792235809928957 BID 93 2560040
1781792235811540708 ASK 99 2157357
1781792235812554440 BID 91 2138321
1781792235813810436 ASK 99 9603136
1781792235823379818 BID 91 660213
1781792235823428069 ASK 101 1850536
1781792235824070519 BID 94 17546778
1781792235841577291 ASK 101 1636169
1781792235841637945 BID 94 44085859
1781792235843288401 ASK 102 42525442
1781792235885775592 BID 92 1281519
1781792235885826878 ASK 102 2394447
1781792235888261701 ASK 99 1210892
1781792235893498034 BID 92 2662470
1781792235895900380 ASK 99 1434319
1781792235896246415 BID 91 2458655
1781792235897358234 ASK 100 3902661
1781792235901289619 ASK 100 2519954
1781792235903840251 ASK 101 1204841
1781792235908203892 ASK 101 1711821
1781792235909980986 ASK 102 1169639
1781792235932159801 ASK 102 712134
1781792235932895068 ASK 103 2360803
1781792235935313459 ASK 103 1448443
1781792235936819480 ASK 104 3565501
1781792235940491160 ASK 104 3281266
1781792235940979977 BID 91 6027007
1781792235943806861 ASK 105 5343444
1781792235947179508 BID 97 3106719
1781792235949227550 ASK 105 2378472
1781792235951736076 ASK 106 2175451
1781792235953367877 BID 97 2702981
1781792235954059074 ASK 106 3212466
1781792235956166267 BID 96 3119770
1781792235957340580 ASK 105 4868553
1781792235959310253 BID 96 7476656
1781792235966687081 ASK 105 1884240
1781792235966856249 BID 95 3222730
1781792235968597019 ASK 106 7813446
1781792235976375419 BID 95 3302337
1781792235976428038 ASK 106 4469564
1781792235979726588 BID 96 2667755
1781792235980994023 ASK 102 6001827
1781792235986943251 BID 96 8370426
1781792235995235069 ASK 102 816364
1781792235995327252 BID 91 2163441
1781792235996112338 ASK 103 27414590
1781792236023487794 BID 91 1844139
1781792236023697147 ASK 103 2511582
1781792236024719084 ASK 107 2754627
1781792236025358173 BID 100 4451661
1781792236029497809 ASK 107 22538387
1781792236051982806 BID 100 1824585
1781792236052059450 ASK 105 2980674
1781792236053837848 BID 99 2667474
1781792236055134080 ASK 105 43015308
1781792236097770257 BID 99 1521013
1781792236098165448 ASK 102 2266702
1781792236098827700 BID 90 2700707
1781792236100451036 ASK 102 41323640
1781792236141855959 ASK 108 2299383
1781792236142270607 BID 90 7861977
1781792236150057613 ASK 108 684965
1781792236150152060 BID 87 1790499
1781792236150838358 ASK 106 4050429
1781792236154822732 BID 87 5022785
1781792236159713690 ASK 106 685225
1781792236160013482 BID 98 1793174
1781792236160465140 ASK 105 10665186
1781792236171044975 BID 98 5448181
1781792236176419027 ASK 105 602720
1781792236176521549 BID 95 1778250
1781792236177047526 ASK 106 12161485
1781792236189151192 BID 95 2199336
1781792236189221694 ASK 106 3575207
1781792236191390914 BID 92 3393346
1781792236192847957 ASK 101 3406952
1781792236194812703 BID 92 4811035
1781792236199548357 ASK 101 3563165
1781792236199707475 BID 94 4809287
1781792236203185601 ASK 99 3758926
1781792236205341049 BID 94 3129572
1781792236207006112 ASK 99 2717718
1781792236208494815 BID 93 2431239
1781792236209755249 ASK 100 8679112
1781792236218320746 BID 93 836647
1781792236218457445 ASK 100 1953495
1781792236219190786 BID 94 1538771
1781792236220035796 ASK 106 4917505
1781792236224911472 BID 94 9517635
1781792236234396276 ASK 106 1848137
1781792236234445759 BID 93 2952246
1781792236236275812 ASK 107 3331698
1781792236239533281 BID 93 732271
1781792236239627848 ASK 107 1718444
1781792236240332658 BID 92 2127701
1781792236241420531 ASK 108 30902946
1781792236272286588 BID 92 1650196
1781792236272379923 ASK 108 2786868
1781792236273968423 BID 91 3685769
1781792236275250298 ASK 96 3513486
1781792236277678778 BID 91 10492384
1781792236288102514 ASK 96 3284497
1781792236288186571 BID 89 4586114
1781792236291444047 ASK 93 12817375
1781792236304219063 BID 89 3504254
1781792236304277262 ASK 93 4629505
1781792236305873878 ASK 105 4440880
1781792236307776216 BID 93 10664617
1781792236318374749 ASK 105 14577417
1781792236332878428 BID 93 40867256
1781792236333079044 ASK 105 40768241
1781792236373813331 BID 88 2064601
1781792236373949046 ASK 105 3082302
1781792236376496843 BID 88 2857984
1781792236377101860 ASK 103 4946409
1781792236379389873 BID 92 5917651
1781792236382116377 ASK 103 5260248
1781792236386753677 BID 92 1818381
1781792236387409026 ASK 105 2254820
1781792236388600872 BID 96 13886501
1781792236402296485 ASK 105 2010211
1781792236404271661 BID 96 1489104
1781792236404459012 ASK 106 2265820
1781792236405790850 BID 95 18698078
1781792236424343195 ASK 106 3085889
1781792236424525837 BID 95 3821900
1781792236425433270 BID 88 3262690
1781792236427508894 ASK 94 5157435
1781792236431840970 BID 88 2383362
1781792236432920285 ASK 94 2651775
1781792236433692203 ASK 106 4255073
1781792236434261151 BID 91 4809863
1781792236438003331 ASK 106 2212120
1781792236439104056 BID 91 2105360
1781792236440345896 ASK 103 2421644
1781792236441295357 BID 97 4558321
1781792236445728443 ASK 103 2482397
1781792236447928250 BID 97 2379874
1781792236448248952 ASK 104 3074086
1781792236450378927 BID 96 43661173
1781792236452675055 ASK 104 41598443
1781792236494164042 BID 96 1034391
1781792236494320446 ASK 110 1098400
1781792236495370426 BID 95 822694
1781792236496268210 BID 95 147937
1781792236496448177 BID 99 820855
